Point	Potential(mV)	Current(microAmp)
1	499.954044818878	163.152784807608
2	504.325568675995	166.306548635475
3	509.399592876434	168.867030879483
4	514.317572116852	170.709332451224
5	519.391655921936	171.98956629727
6	524.387657642365	172.832660609856
7	529.383659362793	173.332271515392
8	534.301578998566	173.519612872042
9	539.37566280365	173.425942193717
10	544.371664524078	173.082458786666
11	549.367666244507	172.520405612886
12	554.363667964935	171.77099653054
13	559.359669685364	170.834231539629
14	564.433753490448	169.835024280474
15	569.351732730865	168.679674970917
16	574.347734451294	167.430669534951
17	579.343736171722	166.087978868745
18	584.339737892151	164.651602972299
19	589.335739612579	163.152784807608
20	594.331741333008	161.653966642916
21	599.327743053436	160.123920068145
22	604.323744773865	158.562659635209
23	609.397828578949	156.970156240277
24	614.315748214722	155.377667397261
25	619.389832019806	153.785164002329
26	624.385833740234	152.223903569393
27	629.381835460663	150.631400174461
28	634.455919265747	149.070139741525
29	639.373898506165	147.540093166754
30	644.369900226593	146.010046591982
31	649.365901947021	144.511228427291
32	654.439985752106	143.04363867268
33	659.357905387878	141.607262776233
34	664.353907108307	140.170901431702
35	669.427990913391	138.765753945336
36	674.345910549164	137.42306327913
37	679.341912269592	136.080372612923
38	684.415996074677	134.737681946717
39	689.333915710449	133.457448100671
40	694.407999515533	132.20842811279
41	699.404001235962	130.959408124909
42	704.321980476379	129.772844957188
43	709.396064281464	128.586281789467
44	714.313983917236	127.399718621746
45	719.388067722321	126.30682613235
46	724.305987358093	125.213933642954
47	729.380071163177	124.121055705473
48	734.376072883606	123.059391626157
49	739.372074604034	122.060177091043
50	744.368076324463	121.06096255593
51	749.364078044891	120.061748020817
52	754.438161849976	119.093761895783
53	759.356081485748	118.156996904872
54	764.430165290833	117.251460324042
55	769.426167011261	116.377152153291
56	774.422168731689	115.440394438338
57	779.340147972107	114.597307401709
58	784.336149692535	113.754220365081
59	789.41023349762	112.942361738533
60	794.328153133392	112.161724246107
61	799.402236938477	111.318637209479
62	804.398238658905	110.569228127133
63	809.316158294678	109.819819044787
64	814.390242099762	109.070409962442
65	819.308221340179	108.321000880096
66	824.382245540619	107.634041341953
67	829.378247261047	106.915860669687
68	834.296226501465	106.228901131544
69	839.370310306549	105.573170003481
70	844.366312026978	104.917431599461
71	849.440395832062	104.261700471397
72	854.358315467834	103.605969343334
73	859.432399272919	103.012687759474
74	864.350318908691	102.419406175613
75	869.34632062912	101.826117315795
76	874.342322349548	101.201614597812
77	879.416406154633	100.639554148074
78	884.412407875061	100.077500974294
79	889.40840959549	99.515440524556
80	894.404411315918	98.984608484898
81	899.400413036346	98.422555311117
82	904.39647436142	97.891723271459
83	909.392476081848	97.423340776004
84	914.388477802277	96.892508736346
85	919.384479522705	96.424126240891
86	924.380481243134	95.924522611313
87	929.454565048218	95.456140115857
88	934.37248468399	94.987757620402
89	939.368486404419	94.488153990824
90	944.442570209503	94.050999905448
91	949.438571929932	93.613845820073
92	954.356491565704	93.145463324618
93	959.352552890778	92.708309239242
94	964.348554611206	92.302376287989
95	969.344556331635	91.896443336736
96	974.49666261673	91.459289251361
97	979.414641857147	91.053363576066
98	984.410643577576	90.678659034893
99	989.406645298004	90.27272608364
100	994.402647018433	89.866793132387
101	999.398589134216	89.492088591214
102	995.651662349701	88.524102466181
103	990.655660629272	87.93082088232
104	985.581576824188	87.399988842662
105	980.663597583771	86.900385213085
106	975.667595863342	86.432002717629
107	970.671594142914	85.994848632254
108	965.675592422485	85.557694546878
109	960.601508617401	85.120540461503
110	955.683588981628	84.68337910017
111	950.6875872612	84.246225014795
112	945.613503456116	83.871520473622
113	940.617501735687	83.465594798327
114	935.621500015259	83.059661847074
115	930.62549829483	82.684957305901
116	925.629496574402	82.279024354648
117	920.633494853973	81.935548223555
118	915.715515613556	81.560843682382
119	910.641431808472	81.248588685412
120	905.567407608032	80.873884144239
121	900.727510452271	80.499179603066
122	895.575344562531	80.186924606096
123	890.657424926758	79.812220064923
124	885.661423206329	79.499965067953
125	880.665421485901	79.15648893686
126	875.669419765472	78.84423393989
127	870.673418045044	78.500750532839
128	865.677416324615	78.188502811827
129	860.681354999542	77.813798270654
130	855.607330799103	77.532764407806
131	850.611329078674	77.189288276713
132	845.693349838257	76.877033279743
133	840.619266033173	76.564778282773
134	835.545241832733	76.283751695883
135	830.705344676971	75.971496698912
136	825.631260871887	75.62802056782
137	820.635259151459	75.346986704972
138	815.717339515686	75.034738983959
139	810.643255710602	74.722483986989
140	805.569171905518	74.441450124141
141	800.729274749756	74.097973993048
142	795.655250549316	73.816947406158
143	790.737271308899	73.53591354331
144	785.663187503815	73.223665822297
145	780.667185783386	72.911410825327
146	775.671184062958	72.599155828357
147	770.597100257874	72.286900831386
148	765.679180622101	72.005874244496
149	760.605096817017	71.693619247526
150	755.609095096588	71.412592660636
151	750.61309337616	71.100337663665
152	745.695173740387	70.788082666695
153	740.621089935303	70.475827669725
154	735.625088214874	70.163572672755
155	730.55100440979	69.851317675784
156	725.633084774017	69.507841544692
157	720.637023448944	69.226814957801
158	715.641021728516	68.914559960831
159	710.566997528076	68.539855419658
160	705.649018287659	68.258828832768
161	700.65301656723	67.884124291595
162	695.578932762146	67.603090428747
163	690.582931041718	67.259614297655
164	685.665011405945	66.916130890604
165	680.669009685516	66.603883169591
166	675.594925880432	66.260399762541
167	670.598924160004	65.885695221368
168	665.680944919586	65.510990680195
169	660.606920719147	65.167514549103
170	655.610918998718	64.79281000793
171	650.61491727829	64.418105466757
172	645.618855953217	64.043400925584
173	640.700936317444	63.668696384411
174	635.62685251236	63.262763433158
175	630.630850791931	62.856830481906
176	625.556766986847	62.45090480661
177	620.638847351074	62.013750721235
178	615.642845630646	61.607817769982
179	610.724866390228	61.170663684607
180	605.650842189789	60.702281189151
181	600.65484046936	60.265127103776
182	595.580756664276	59.79674460832
183	590.584754943848	59.297137340764
184	585.588753223419	58.828758483287
185	580.670773983002	58.297926443629
186	575.596690177917	57.798319176072
187	570.600688457489	57.298715546494
188	565.52666425705	56.736658734735
189	560.608685016632	56.174598284997
190	555.612683296204	55.643769883318
191	550.616681575775	55.019259889377
192	545.620679855347	54.457203077618
193	540.624678134918	53.832696721656
194	535.550594329834	53.208186727716
195	530.554592609406	52.552455599653
196	525.636613368988	51.896720833611
197	520.64061164856	51.272214477649
198	515.56658744812	50.554030167405
199	510.648608207703	49.929523811443
200	505.652606487274	49.180111091118
201	500.57852268219	48.430702008773
202	495.582550764084	47.712517698528
203	490.586519241333	46.869434299879
204	485.668569803238	46.151249989634
205	480.594515800476	45.370616135187
206	475.598514080048	44.527529098559
207	470.602512359619	43.68444569991
208	465.606480836868	42.872583435383
209	460.61047911644	42.029500036733
210	455.614477396011	41.123963455902
211	450.540393590927	40.312101191375
212	445.544391870499	39.375339838443
213	440.626442432404	38.438578485511
214	435.630440711975	37.53304190468
215	430.556386709213	36.565055779647
216	425.716489553452	35.628294426715
217	420.64243555069	34.660304663703
218	415.568351745605	33.723543310771
219	410.65040230751	32.724332413636
220	405.576348304749	31.725117878523
221	400.658398866653	30.694682209287
222	395.584315061569	29.695469493163
223	390.588313341141	28.633805413847
224	385.592311620712	27.603367925622
225	380.596309900284	26.541703846306
226	375.600308179855	25.448816813878
227	370.604276657104	24.355927962461
228	365.608274936676	23.294263883145
229	360.612273216248	22.138925487525
230	355.538219213486	20.983585272916
231	350.620269775391	19.765795514104
232	345.624268054962	18.579230527394
233	340.628236532211	17.361440768582
234	335.554182529449	16.081199646578
235	330.636233091354	14.769732842979
236	325.640231370926	13.395815585682
237	320.488095283508	11.959447874688
238	315.648198127747	10.491854482098
239	310.574144124985	8.930584954214
240	305.578142404556	7.306864517886
241	303.470432758331	6.588680207642
242	295.664191246033	4.221553354
243	290.746241807938	2.305482666998
244	285.59410572052	0.278565181588
245	280.598104000092	-1.884536004582
246	275.680154561996	-4.186988007859
247	270.762205123901	-6.644625500485
248	265.68815112114	-9.266950655729
249	260.770201683044	-12.0729646369
250	255.69611787796	-15.078503565746
251	250.700116157532	-18.27723281167
252	245.626047253609	-21.694489987567
253	240.786164999008	-25.342940716655
254	235.712096095085	-29.219421776361
255	230.716079473495	-33.352429454681
256	225.720077753067	-37.732472264906
257	220.724076032639	-42.362713429611
258	215.728059411049	-47.249486669898
259	210.73205769062	-52.389623306226
260	205.814108252525	-57.779954659054
261	200.818106532097	-63.414154283237
262	195.900157094002	-69.279551098589
263	190.826088190079	-75.376141467132
264	185.83008646965	-81.697588029783
265	180.834069848061	-88.202723418362
266	175.916135311127	-94.891554908827
267	170.842066407204	-101.754572824575
268	169.983372092247	-103.018224763218
269	169.983372092247	-103.018224763218
270	155.619844794273	-123.527526739053
271	150.623843073845	-130.865490064025
272	145.627841353416	-138.234681799076
273	140.631824731827	-145.666315802373
274	135.635823011398	-153.097964357585
275	130.63982129097	-160.529612912796
276	125.64380466938	-167.898804647848
277	120.569735765457	-175.205539562739
278	115.573726594448	-182.418603799306
279	110.655784606934	-189.569225767627
280	105.581715703011	-196.594934095629
281	100.585706532001	-203.495743335225
282	95.511637628079	-210.240425076336
283	90.593695640564	-216.797765460797
284	85.597686469555	-223.136521526612
285	80.601677298546	-229.287921683863
286	75.605668127537	-235.251965932548
287	70.609666407108	-240.934983594343
288	65.535597503185	-246.399460593238
289	60.6176443398	-251.582852797583
290	55.543575435877	-256.454019108787
291	50.547569990158	-261.106615653262
292	45.629624277353	-265.415699686855
293	40.633615106344	-269.443786237389
294	35.559546202421	-273.159617790952
295	30.563540756702	-276.531936833635
296	25.567531585693	-279.560801573098
297	20.571524277329	-282.33986813575
298	15.575517900288	-284.744222881272
299	10.579511523247	-286.867551039904
300	5.505441688001	-288.584938971326
301	0.587496440858	-290.052528725937
302	-4.408510867506	-291.114207357168
303	-9.404517710209	-291.863601887599
304	-14.478587545455	-292.300770524889
305	-19.396534189582	-292.456883471459
306	-24.470603093505	-292.363227345049
307	-29.466610401869	-291.894830297679
308	-34.462619572878	-291.207892587408
309	-39.380561560392	-290.239899186417
310	-44.454634189606	-289.053336018696
311	-49.450639635325	-287.585746264085
312	-54.524708539248	-285.930786048993
313	-59.442654252052	-284.088484477252
314	-64.438663423061	-282.02761313878
315	-69.43466514349	-279.841828159988
316	-74.430674314499	-277.468701824546
317	-79.426683485508	-274.970690952614
318	-84.422685205936	-272.378965746611
319	-89.340634644032	-269.662356004119
320	-94.492763280869	-266.883289441466
321	-99.410712718964	-264.010566752404
322	-104.406714439392	-261.044158833101
323	-109.480783343315	-258.108979323879
324	-114.476792514324	-255.080114584416
325	-119.472801685333	-252.051249844953
326	-124.468810856342	-249.053613515571
327	-129.464820027351	-245.993520366028
328	-134.46082174778	-242.99586948473
329	-139.456823468208	-239.998233155347
330	-144.452840089798	-236.969368415885
331	-149.448841810226	-234.002945944667
332	-154.522910714149	-231.067766435444
333	-159.440860152245	-228.195029194467
334	-164.436861872673	-225.353520363569
335	-169.432878494263	-222.543239942752
336	-174.428880214691	-219.764173380099
337	-179.502949118614	-217.047563637607
338	-184.420898556709	-214.393410715275
339	-189.416900277138	-211.770471651107
340	-194.490969181061	-209.2099894071
341	-199.408918619156	-206.711963983253
342	-204.482987523079	-204.27638082765
343	-209.400936961174	-201.872026082128
344	-214.475005865097	-199.530113604851
345	-219.392940402031	-197.219444089569
346	-224.467024207115	-194.971216842532
347	-229.463025927544	-192.78543186374
348	-234.459027647972	-190.630889846943
349	-239.455044269562	-188.538790098391
350	-244.45104598999	-186.509132618085
351	-249.447047710419	-184.573160368018
352	-254.364997148514	-182.605959707871
353	-259.439080953598	-180.732429726049
354	-264.51313495636	-178.890142706223
355	-269.431084394455	-177.079069544561
356	-274.427086114883	-175.330438651145
357	-279.501169919968	-173.613050719723
358	-284.575223922729	-171.926876646467
359	-289.493173360825	-170.30315939337
360	-294.489175081253	-168.710655998439
361	-299.485176801682	-167.149395565502
362	-304.403126239777	-165.681791258976
363	-309.477210044861	-164.182973094285
364	-314.473211765289	-162.746611749753
365	-319.391161203384	-161.341464263387
366	-324.465215206146	-159.967545187101
367	-329.461246728897	-158.656082930975
368	-334.457248449326	-157.344620674849
369	-339.375197887421	-156.095600686967
370	-344.449251890183	-154.877809109166
371	-349.523335695267	-153.691245941445
372	-354.441255331039	-152.535911183804
373	-359.359204769135	-151.411790284328
374	-364.433288574219	-150.318912346847
375	-369.429290294647	-149.257248267531
376	-374.503374099731	-148.195584188215
377	-379.421293735504	-147.227590787224
378	-384.495377540588	-146.228383528069
379	-389.413326978683	-145.322846947238
380	-394.409328699112	-144.386081956327
381	-399.483412504196	-143.511773785576
382	-404.401332139969	-142.66867947299
383	-409.475415945053	-141.88805653248
384	-414.471417665482	-141.107419040054
385	-419.389367103577	-140.326781547628
386	-424.541503190994	-139.608600875363
387	-429.459452629089	-138.984090881422
388	-434.455454349518	-138.297124067321
389	-439.451456069946	-137.672628625296
390	-444.447457790375	-137.079347041436
391	-449.443459510803	-136.51727931574
392	-454.439491033554	-135.98645455204
393	-459.435492753983	-135.486843646504
394	-464.509546756744	-135.018461151049
395	-469.427496194839	-134.550078655593
396	-474.423497915268	-134.112924570218
397	-479.419529438019	-133.706998894922
398	-484.415531158447	-133.332287077792
399	-489.567667245865	-132.988818222657
400	-494.485586881638	-132.645334815606
401	-499.403536319733	-132.301851408556
402	-495.656549930573	-129.522799397819
403	-490.660518407822	-127.742954646237
404	-485.664516687393	-126.150451251306
405	-480.590462684631	-124.651633086614
406	-475.672513246536	-123.340170830488
407	-470.754563808441	-122.091150842607
408	-465.758562088013	-120.873359264806
409	-460.684478282928	-119.718024507165
410	-455.6884765625	-118.656360427849
411	-450.614422559738	-117.594696348533
412	-445.696473121643	-116.564260679297
413	-440.622389316559	-115.596274554264
414	-435.704439878464	-114.628281153273
415	-430.630385875702	-113.7227518484
416	-425.712436437607	-112.817215267569
417	-420.638352632523	-111.974128230941
418	-415.72043299675	-111.099812784232
419	-410.646349191666	-110.287954157684
420	-405.650347471237	-109.507323941216
421	-400.576263666153	-108.72668644879
422	-395.65834403038	-107.977277366444
423	-390.662312507629	-107.227868284099
424	-385.666310787201	-106.509680335876
425	-380.670309066772	-105.76027125353
426	-375.674307346344	-105.073311715387
427	-370.678305625916	-104.417580587324
428	-365.76035618782	-103.730621049181
429	-360.686272382736	-103.074889921118
430	-355.690270662308	-102.450379927177
431	-350.616186857224	-101.763420389034
432	-345.620185136795	-101.170138805173
433	-340.7022356987	-100.51440767711
434	-335.706233978271	-99.92112609325
435	-330.554097890854	-99.296616099309
436	-325.636178255081	-98.672113381326
437	-320.64014673233	-98.078824521508
438	-315.644145011902	-97.516771347728
439	-310.648143291473	-96.95471089799
440	-305.730193853378	-96.330208180007
441	-300.656139850616	-95.736926596146
442	-295.582056045532	-95.206094556488
443	-290.664106607437	-94.612812972628
444	-285.668104887009	-94.019524112809
445	-280.67210316658	-93.488692073152
446	-275.676101446152	-92.926638899371
447	-270.680069923401	-92.333357315511
448	-265.606015920639	-91.802525275853
449	-260.688066482544	-91.240464826115
450	-255.692064762115	-90.678411652334
451	-250.618010759354	-90.116351202596
452	-245.621979236603	-89.554298028816
453	-240.625977516174	-89.023465989158
454	-235.629975795746	-88.46140553942
455	-230.633959174156	-87.899352365639
456	-225.716024637222	-87.306070781779
457	-220.641955733299	-86.744010332041
458	-215.64593911171	-86.213178292383
459	-210.649937391281	-85.619896708522
460	-205.653920769691	-85.057843534742
461	-200.735986232758	-84.495783085004
462	-195.58385014534	-83.902501501143
463	-190.743967890739	-83.340441051405
464	-185.591831803322	-82.747159467544
465	-180.673897266388	-82.122656749561
466	-175.677880644798	-81.529367889743
467	-170.603811740875	-80.90486517176
468	-165.607810020447	-80.3115835879
469	-160.689860582352	-79.687073593959
470	-155.615791678429	-79.031342465896
471	-150.619789958	-78.406832471956
472	-145.623773336411	-77.782322478015
473	-140.549704432487	-77.095362939872
474	-135.709822177887	-76.439631811809
475	-130.635753273964	-75.783900683746
476	-125.639751553535	-75.065712735523
477	-120.643742382526	-74.378753197379
478	-115.647733211517	-73.660572525114
479	-110.651724040508	-72.973612986971
480	-105.655714869499	-72.224203904625
481	-100.581645965576	-71.474794822279
482	-95.663703978062	-70.725385739934
483	-90.667694807053	-69.944748247508
484	-85.671685636044	-69.195339165162
485	-80.675683915615	-68.383480538614
486	-75.601615011692	-67.540393501986
487	-70.605605840683	-66.728534875438
488	-65.687656402588	-65.885447838809
489	-60.691654682159	-65.042368078139
490	-55.617585778236	-64.136831497308
491	-50.699640065432	-63.29374446068
492	-45.703634619713	-62.388207879849
493	-40.62956571579	-61.482671299018
494	-35.633556544781	-60.577134718187
495	-30.715612694621	-59.609148593154
496	-25.719605386257	-58.672383602243
497	-20.645534619689	-57.673172705108
498	-15.649527311325	-56.705186580075
499	-10.731582529843	-55.67474727286
500	-5.735575221479	-54.644311603624
501	-0.661505269818	-53.61387229641
502	4.334501922131	-52.614661399275
503	9.408571757376	-51.521772547858
504	14.40457906574	-50.397655286361
505	19.400585442781	-49.367219617125
506	24.318531155586	-48.243105993606
507	29.314536601305	-47.118992370088
508	34.388609230518	-45.963650336489
509	39.384614676237	-44.808311940869
510	44.380623847246	-43.65297354525
511	49.376629292965	-42.46640673955
512	54.372638463974	-41.248618799727
513	59.368643909693	-40.030827221926
514	64.286589622498	-38.781810872024
515	69.360665977001	-37.532794522122
516	74.35666769743	-36.252553400118
517	79.274617135525	-34.941087506013
518	84.426745772362	-33.598396839807
519	89.266628026962	-32.255706173601
520	94.340696930885	-30.881787097314
521	99.336706101894	-29.476645067916
522	104.410775005817	-28.040278266417
523	109.328724443913	-26.541458282736
524	114.324726164341	-25.073864890146
525	119.398795068264	-23.481370590162
526	124.394804239273	-21.920101062278
527	129.312753677368	-20.296380171203
528	134.386822581291	-18.578984963824
529	139.460891485214	-16.861587937456
530	144.378840923309	-15.019290003693
531	149.374842643738	-13.145766388334
532	154.292792081833	-11.241017091379
533	159.366860985756	-9.242592568626
534	164.362862706184	-7.119265774236
535	167.875677347183	-5.589221927949
536	174.276813864708	-2.334258397241
537	179.350882768631	0.003031058071
538	184.190765023232	2.43849922299
539	189.264833927155	4.968979283149
540	194.260850548744	7.600805474794
541	199.334919452667	10.340310836909
542	204.252853989601	13.177996152081
543	209.326922893524	16.139196304721
544	214.166805148125	19.211242033634
545	219.318941235542	22.400470697903
546	224.314957857132	25.713214199641
547	229.232892394066	29.149474357837
548	234.228909015656	32.718751754146
549	239.224910736084	36.417874071049
550	244.298979640007	40.24368172395
551	249.216914176941	44.21200719662
552	254.212945699692	48.322850489058
553	259.20894742012	52.585710363928
554	264.126896858215	56.991088058567
555	269.200950860977	61.545317294076
556	274.196952581406	66.25473179156
557	279.192984104156	71.116170147434
558	284.188985824585	76.129625085741
559	289.184987545013	81.29193156492
560	294.180989265442	86.615757027175
561	299.098938703537	92.094764113426
562	304.172992706299	97.709962574299
563	308.622568845749	102.941943623591
564	308.622568845749	102.941943623591
565	319.395214319229	114.847105578519
566	324.391216039658	120.998513011727
567	329.387217760086	127.306033391505
568	334.46130156517	133.707246277481
569	339.457303285599	140.170901431702
570	344.375252723694	146.759455674328
571	349.371254444122	153.348009916954
572	354.445338249207	159.99902097974
573	359.363287687302	166.681260452606
574	364.437341690063	173.457170603797
575	369.433343410492	180.170623934828
576	374.351292848587	186.821634997614
577	379.425376653671	193.503859918565
578	384.4213783741	200.12364257127
579	389.339327812195	206.618526135571
580	394.25727725029	212.988510611467
581	399.487465620041	219.264809857123
582	404.405415058136	225.384996156208
583	409.401416778564	231.286583584733
584	414.397418498993	237.063286476769
585	419.393420219421	242.558948229998
586	424.38942193985	247.836025664583
587	429.385453462601	252.832105616108
588	434.303373098373	257.578358286992
589	439.377456903458	261.981127550825
590	444.373458623886	266.071670921519
591	449.369460344315	269.818701781332
592	454.443544149399	273.222278337926
593	459.439545869827	276.251143077388
594	464.435547590256	278.936524409801
595	469.353497028351	281.184737104923
596	474.427580833435	283.058267086744
597	479.345500469208	284.557085251436
598	484.341531991959	285.618763882667
599	489.41558599472	286.368158413097
600	494.333535432816	286.711641820148
601	499.407589435577	286.680413410068
602	504.403591156006	286.274473182857
603	509.399592876434	285.556307062507
604	514.473676681519	284.494628431275
605	519.391655921936	283.120723906904
606	524.387657642365	281.434564385563
607	529.383659362793	279.529805993661
608	534.379661083221	277.312792604789
609	539.37566280365	274.970894679427
610	544.371664524078	272.379198577255
611	549.367666244507	269.600132014602
612	554.363667964935	266.72738022171
613	559.359669685364	263.729743892327
614	564.433753490448	260.607223026454
615	569.351732730865	257.422216236591
616	574.347734451294	254.174781730399
617	579.421758651733	250.833661993966
618	584.339737892151	247.523770667613
619	589.335739612579	244.21387934126
620	594.409823417664	240.872788708657
621	599.405825138092	237.531668972224
622	604.479908943176	234.253006055951
623	609.475910663605	231.005556997843
624	614.393830299377	227.75812249165
625	619.389832019806	224.573130253702
626	624.385833740234	221.481823245995
627	629.381835460663	218.390501686372
628	634.455919265747	215.392865356989
629	639.451920986176	212.457671295851
630	644.369900226593	209.584948606789
631	649.443924427032	206.743425223976
632	654.439985752106	203.964373213239
633	659.435987472534	201.310220290907
634	664.431989192963	198.687281226739
635	669.427990913391	196.126798982732
636	674.42399263382	193.628773558885
637	679.419994354248	191.161961993203
638	684.494078159332	188.788835657761
639	689.411997795105	186.478151590563
640	694.407999515533	184.261152753606
641	699.482083320618	182.04415391665
642	704.478085041046	179.889597347938
643	709.474086761475	177.828726009466
644	714.392066001892	175.799068529159
645	719.466090202332	173.800639458932
646	724.384069442749	171.927124029025
647	729.380071163177	170.022380189039
648	734.376072883606	168.180078617297
649	739.45015668869	166.400233865716
650	744.446158409119	164.620374562219
651	749.442160129547	162.965428899042
652	754.438161849976	161.279269377701
653	759.434163570404	159.686765982769
654	764.352142810822	158.125505549833
655	769.426167011261	156.564230564982
656	774.422168731689	155.06541240029
657	779.496252536774	153.597822645679
658	784.492254257202	152.161446749233
659	789.488255977631	150.756313814782
660	794.562339782715	149.41360859666
661	799.402236938477	148.070917930454
662	804.476320743561	146.759455674328
663	809.394240379334	145.479221828282
664	814.390242099762	144.230201840401
665	819.464325904846	143.04363867268
666	824.460327625275	141.857075504959
667	829.456329345703	140.701726195402
668	834.452331066132	139.546391437761
669	839.370310306549	138.422285090201
670	844.444334506989	137.360621010885
671	849.440395832062	136.298956931569
672	854.43639755249	135.237292852253
673	859.432399272919	134.206857183017
674	864.428400993347	133.207635371946
675	869.424402713776	132.20842811279
676	874.420404434204	131.240434711799
677	879.416406154633	130.303669720888
678	884.412407875061	129.398133140057
679	889.40840959549	128.492611111142
680	894.404411315918	127.618288388476
681	899.400413036346	126.712751807645
682	904.474496841431	125.838443636894
683	909.470498561859	124.995363876224
684	914.388477802277	124.214726383798
685	919.384479522705	123.402860481292
686	924.458563327789	122.591009130701
687	929.454565048218	121.841592772398
688	934.37248468399	121.02973414585
689	939.446568489075	120.311553473584
690	944.442570209503	119.593365525361
691	949.516654014587	118.843956443015
692	954.512655735016	118.12577577075
693	959.508657455444	117.407587822527
694	964.504659175873	116.720628284384
695	969.500660896301	116.033676022198
696	974.574744701386	115.346716484055
697	979.414641857147	114.690978080034
698	984.410643577576	114.066475362051
699	989.484667778015	113.441965368111
700	994.480729103088	112.786234240048
701	999.476671218872	112.161724246107
702	995.651662349701	110.819033579901
703	990.577578544617	109.91349699907
704	985.581576824188	109.132859506644
705	980.58557510376	108.321000880096
706	975.589573383331	107.602820207831
707	970.593571662903	106.915860669687
708	965.675592422485	106.197672721464
709	960.601508617401	105.541941593401
710	955.605506896973	104.886210465338
711	950.609505176544	104.230479337275
712	945.613503456116	103.637190477457
713	940.695583820343	103.012687759474
714	935.621500015259	102.419406175613
715	930.62549829483	101.857345725875
716	925.629496574402	101.264064142015
717	920.633494853973	100.702003692277
718	915.6374335289	100.108722108416
719	910.563409328461	99.546668934636
720	905.645430088043	99.0470580291
721	900.649428367615	98.48500485532
722	895.575344562531	97.954172815662
723	890.657424926758	97.423340776004
724	885.583341121674	96.923737146426
725	880.665421485901	96.392905106768
726	875.591337680817	95.924522611313
727	870.595335960388	95.362462161575
728	865.59933423996	94.894086942077
729	860.603332519531	94.425704446621
730	855.685353279114	93.926093541086
731	850.611329078674	93.426489911508
732	845.615327358246	92.989335826132
733	840.619266033173	92.489732196555
734	835.623264312744	92.021349701099
735	830.627262592316	91.584195615724
736	825.631260871887	91.084584710188
737	820.635259151459	90.616202214733
738	815.561175346375	90.147826995235
739	810.643255710602	89.710665633902
740	805.569171905518	89.242290414404
741	800.651252269745	88.805136329029
742	795.577168464661	88.367974967696
743	790.659189224243	87.899599748198
744	785.585165023804	87.462438386865
745	780.589163303375	86.994063167367
746	775.593161582947	86.556901806034
747	770.597100257874	86.119747720659
748	765.601098537445	85.682593635283
749	760.605096817017	85.245439549908
750	755.687177181244	84.777057054453
751	750.61309337616	84.339902969077
752	745.617091655731	83.871520473622
753	740.621089935303	83.465594798327
754	735.547006130219	82.997212302871
755	730.629086494446	82.560058217496
756	725.633084774017	82.122896856163
757	720.637023448944	81.654521636665
758	715.641021728516	81.217360275332
759	710.566997528076	80.748985055834
760	705.649018287659	80.311823694501
761	700.65301656723	79.843448475003
762	695.578932762146	79.375065979548
763	690.582931041718	78.906683484092
764	685.586929321289	78.438300988637
765	680.590927600861	77.969925769139
766	675.673007965088	77.470314863604
767	670.598924160004	76.970711234026
768	665.602922439575	76.47110032849
769	660.606920719147	76.002725108992
770	655.610918998718	75.471893069334
771	650.61491727829	74.972282163799
772	645.540833473206	74.441450124141
773	640.622854232788	73.941846494563
774	635.62685251236	73.379793320783
775	630.630850791931	72.848961281125
776	625.556766986847	72.286900831386
777	620.638847351074	71.756068791729
778	615.56476354599	71.162787207868
779	610.568761825562	70.600734034088
780	605.650842189789	70.007445174269
781	600.65484046936	69.414163590409
782	595.580756664276	68.789660872426
783	590.662777423859	68.165150878485
784	585.588753223419	67.540640884545
785	580.592751502991	66.916130890604
786	575.596690177917	66.197950218339
787	570.600688457489	65.542219090276
788	565.604686737061	64.855259552132
789	560.608685016632	64.168300013989
790	555.612683296204	63.418890931644
791	550.616681575775	62.700710259378
792	545.620679855347	61.920072766952
793	540.546596050262	61.201884818729
794	535.550594329834	60.421254602261
795	530.554592609406	59.609392337734
796	525.558590888977	58.797533711186
797	520.562589168549	57.985671446659
798	515.56658744812	57.142588048009
799	510.570585727692	56.299501011381
800	505.574524402618	55.425189202651
801	500.57852268219	54.550881031901
802	495.504468679428	53.64534445107
803	490.586519241333	52.677354688058
804	485.590517520905	51.740593335126
805	480.672568082809	50.835056754295
806	475.520431995392	49.83584585716
807	470.602512359619	48.899084504228
808	465.606480836868	47.868645197013
809	460.61047911644	46.90065907198
810	455.614477396011	45.870219764765
811	450.618475675583	44.83978409553
812	445.544391870499	43.840569560416
813	440.54839015007	42.747680708999
814	435.552388429642	41.686020267662
815	430.556386709213	40.593131416244
816	425.560384988785	39.531467336929
817	420.564353466034	38.40735371341
818	415.568351745605	37.314464861993
819	410.572350025177	36.252800782677
820	405.576348304749	35.097462387057
821	400.58034658432	33.973348763539
822	395.584315061569	32.84923514002
823	390.588313341141	31.725117878523
824	385.592311620712	30.538554710802
825	380.51825761795	29.414441087283
826	375.600308179855	28.227876100573
827	370.68235874176	27.010086341761
828	365.608274936676	25.854746127152
829	360.534220933914	24.60572977725
830	355.538219213486	23.419166609529
831	350.620269775391	22.138925487525
832	345.624268054962	20.889909137623
833	340.550184249878	19.578443243518
834	335.632234811783	18.266975530423
835	330.558180809021	16.861833501025
836	325.56214928627	15.456691471627
837	320.566147565842	14.020322851138
838	315.570145845413	12.490279004851
839	310.574144124985	10.897783795372
840	305.578142404556	9.242838132195
841	300.582140684128	7.525442015321
842	297.459632158279	6.432553618652
843	290.590107440948	4.240555881552
844	285.59410572052	2.210470938735
845	280.676156282425	0.056871055421
846	275.680154561996	-2.232912493128
847	270.606070756912	-4.671547685575
848	265.610069036484	-7.274870313267
849	260.614067316055	-10.042879694083
850	255.69611787796	-13.007246707275
851	250.700116157532	-16.167970898096
852	245.626047253609	-19.53772152774
853	240.708097815514	-23.129166947911
854	235.712096095085	-26.94863906072
855	230.79414665699	-31.011975806905
856	225.720077753067	-35.316006687935
857	220.724076032639	-39.873404602986
858	215.806126594543	-44.681000872515
859	210.810124874115	-49.735626816982
860	205.814108252525	-55.030948715285
861	200.818106532097	-60.570135246962
862	195.822104811668	-66.340522607788
863	190.748021006584	-72.338931204286
864	185.83008646965	-78.540033427998
865	180.834069848061	-84.940656961408
866	175.838068127632	-91.51863923762
867	170.842066407204	-98.251803137828
868	167.407304048538	-103.021397080738
869	167.407304048538	-103.021397080738
870	155.54179251194	-119.624346552882
871	150.54577589035	-126.837418065406
872	145.549774169922	-134.050482301973
873	140.553772449493	-141.325988806784
874	135.557755827904	-148.601509863511
875	130.483686923981	-155.877030920237
876	125.565737485886	-163.058866746724
877	120.491676032543	-170.24070257321
878	115.573726594448	-177.297639311291
879	110.655784606934	-184.260905371048
880	105.581715703011	-191.099272342399
881	100.585706532001	-197.81272567343
882	95.511637628079	-204.401279916056
883	90.515628457069	-210.771264391951
884	85.519626736641	-216.985106817447
885	80.601677298546	-222.949165618047
886	75.527608394623	-228.694640100002
887	70.531599223614	-234.221530263312
888	65.535597503185	-239.498622249812
889	60.539584606886	-244.557159021497
890	55.543575435877	-249.303411692381
891	50.547569990158	-253.799866186455
892	45.551560819149	-257.984065683559
893	40.633615106344	-261.856010183692
894	35.559546202421	-265.446928096935
895	30.563540756702	-268.756819423288
896	25.489469990134	-271.691998932511
897	20.571524277329	-274.314952548593
898	15.497456304729	-276.688078884035
899	10.579511523247	-278.655264992267
900	5.583504214883	-280.372682027519
901	0.509433913976	-281.71535814181
902	-4.408510867506	-282.777036773041
903	-9.404517710209	-283.495202893391
904	-14.478587545455	-283.932371530682
905	-19.396534189582	-284.057256067172
906	-24.392541497946	-283.901143120602
907	-29.466610401869	-283.495202893391
908	-34.462619572878	-282.777036773041
909	-39.458625018597	-281.80904337205
910	-44.454634189606	-280.622480204329
911	-49.450639635325	-279.186118859798
912	-54.524708539248	-277.562387054786
913	-59.442654252052	-275.782542303205
914	-64.438663423061	-273.721670964733
915	-69.512724876404	-271.598342806101
916	-74.508734047413	-269.287644186988
917	-79.426683485508	-266.852090135217
918	-84.422685205936	-264.260364929214
919	-89.49675410986	-261.637440416962
920	-94.492763280869	-258.889602264389
921	-99.488772451878	-256.079307291657
922	-104.484781622887	-253.206584602594
923	-109.480783343315	-250.302633503452
924	-114.476792514324	-247.367424890399
925	-119.472801685333	-244.401016971096
926	-124.468810856342	-241.403366089799
927	-129.464820027351	-238.468186580576
928	-134.46082174778	-235.532992519438
929	-139.456823468208	-232.566584600136
930	-144.452840089798	-229.631390538998
931	-149.448841810226	-226.758667849936
932	-154.522910714149	-223.854702198878
933	-159.440860152245	-221.01319336798
934	-164.436861872673	-218.234126805328
935	-169.432878494263	-215.517517062835
936	-174.506947398186	-212.800907320343
937	-179.42488193512	-210.177982808091
938	-184.498965740204	-207.586272154003
939	-189.416900277138	-205.025789909996
940	-194.412916898727	-202.527764486149
941	-199.48698580265	-200.092181330547
942	-204.482987523079	-197.687826585025
943	-209.478989243507	-195.377142517827
944	-214.475005865097	-193.06645845063
945	-219.471007585526	-190.818231203593
946	-224.545076489449	-188.632460776716
947	-229.384958744049	-186.509132618085
948	-234.459027647972	-184.417032869533
949	-239.533096551895	-182.387375389226
950	-244.45104598999	-180.388960870914
951	-249.447047710419	-178.452988620847
952	-254.521131515503	-176.548230228946
953	-259.439080953598	-174.737157067284
954	-264.435082674026	-172.926083905622
955	-269.431084394455	-171.146239154041
956	-274.505138397217	-169.428851222619
957	-279.501169919968	-167.773905559443
958	-284.419119358063	-166.118959896266
959	-289.415121078491	-164.526456501335
960	-294.489175081253	-162.996409926564
961	-299.485176801682	-161.466363351792
962	-304.481208324432	-160.030002007261
963	-309.477210044861	-158.59364066273
964	-314.473211765289	-157.157264766283
965	-319.469213485718	-155.783345689997
966	-324.465215206146	-154.471883433871
967	-329.461246728897	-153.129192767665
968	-334.535300731659	-151.880172779784
969	-339.531302452087	-150.631152791902
970	-344.527304172516	-149.444589624181
971	-349.523335695267	-148.25802645646
972	-354.441255331039	-147.133920108899
973	-359.43728685379	-146.009799209423
974	-364.511340856552	-144.916906720027
975	-369.507342576981	-143.917699460872
976	-374.425292015076	-142.887263791636
977	-379.49937582016	-141.88805653248
978	-384.495377540588	-140.951291541569
979	-389.491379261017	-140.014526550658
980	-394.565463066101	-139.171446789987
981	-399.483412504196	-138.297124067321
982	-404.479414224625	-137.454044306651
983	-409.475415945053	-136.704635224305
984	-414.549469947815	-135.955226141959
985	-419.46741938591	-135.205817059614
986	-424.463421106339	-134.518864797428
987	-429.537504911423	-133.863126393408
988	-434.455454349518	-133.269844809547
989	-439.451456069946	-132.614106405526
990	-444.525539875031	-132.083281641826
991	-449.521541595459	-131.55244232621
992	-454.517543315887	-131.02161756251
993	-459.513545036316	-130.553235067055
994	-464.431494474411	-130.084852571599
995	-469.505548477173	-129.678926896304
996	-474.501579999924	-129.241772810929
997	-479.497581720352	-128.835832583718
998	-484.493583440781	-128.492363728583
999	-489.489585161209	-128.148880321532
1000	-494.563668966293	-127.805396914482
1001	-499.559670686722	-127.493141917512
1002	-495.656549930573	-124.776532175019
1003	-490.660518407822	-123.059144243598
1004	-485.58646440506	-121.529097668827
1005	-480.590462684631	-120.12395018246
1006	-475.672513246536	-118.812487926334
1007	-470.676511526108	-117.594696348533
1008	-465.602427721024	-116.439354314934
1009	-460.684478282928	-115.346469101496
1010	-455.6884765625	-114.31603343226
1011	-450.614422559738	-113.316818897147
1012	-445.618391036987	-112.348832772113
1013	-440.622389316559	-111.38084664708
1014	-435.62638759613	-110.475310066249
1015	-430.630385875702	-109.600994619541
1016	-425.634384155273	-108.72668644879
1017	-420.638352632523	-107.946048956364
1018	-415.642350912094	-107.102969195694
1019	-410.646349191666	-106.322331703268
1020	-405.650347471237	-105.572922620922
1021	-400.654345750809	-104.823513538577
1022	-395.65834403038	-104.074104456231
1023	-390.584260225296	-103.387144918088
1024	-385.666310787201	-102.668956969865
1025	-380.592256784439	-101.982004707679
1026	-375.674307346344	-101.326266303658
1027	-370.60022354126	-100.701763585676
1028	-365.526169538498	-100.046025181655
1029	-360.608220100403	-99.421522463672
1030	-355.612218379974	-98.765784059651
1031	-350.616186857224	-98.172502475791
1032	-345.620185136795	-97.57922089193
1033	-340.7022356987	-96.95471089799
1034	-335.628181695938	-96.392657724209
1035	-330.554097890854	-95.799376140349
1036	-325.636178255081	-95.237315690611
1037	-320.64014673233	-94.64403410675
1038	-315.644145011902	-94.08198093297
1039	-310.57009100914	-93.519920483232
1040	-305.574059486389	-92.957867309451
1041	-300.578057765961	-92.427035269793
1042	-295.660108327866	-91.864974820055
1043	-290.586054325104	-91.334142780397
1044	-285.590052604675	-90.803310740739
1045	-280.67210316658	-90.241257566959
1046	-275.676101446152	-89.679197117221
1047	-270.602017641068	-89.148365077563
1048	-265.606015920639	-88.648761447985
1049	-260.610014200211	-88.117929408327
1050	-255.614012479782	-87.555868958589
1051	-250.618010759354	-87.056265329011
1052	-245.621979236603	-86.494204879273
1053	-240.625977516174	-85.994601249695
1054	-235.629975795746	-85.463769210037
1055	-230.555906891823	-84.932937170379
1056	-225.637957453728	-84.370883996598
1057	-220.641955733299	-83.84005195694
1058	-215.64593911171	-83.309219917283
1059	-210.649937391281	-82.747159467544
1060	-205.575868487358	-82.247555837967
1061	-200.579851865768	-81.685495388228
1062	-195.661917328835	-81.092213804368
1063	-190.587848424911	-80.59261017479
1064	-185.591831803322	-79.99932859093
1065	-180.595830082893	-79.468496551272
1066	-175.599813461304	-78.875214967411
1067	-170.603811740875	-78.281933383551
1068	-165.607810020447	-77.719872933812
1069	-160.611793398857	-77.157819760032
1070	-155.615791678429	-76.533309766091
1071	-150.619789958	-75.940028182231
1072	-145.623773336411	-75.31551818829
1073	-140.705838799477	-74.72223660443
1074	-135.631754994392	-74.066505476367
1075	-130.635753273964	-73.441995482426
1076	-125.561684370041	-72.817485488486
1077	-120.643742382526	-72.09930481622
1078	-115.647733211517	-71.443566412199
1079	-110.573664307594	-70.756614150014
1080	-105.577655136585	-70.069654611871
1081	-100.581645965576	-69.351466663647
1082	-95.585644245148	-68.664507125504
1083	-90.589635074139	-67.915098043159
1084	-85.59362590313	-67.196917370893
1085	-80.675683915615	-66.416279878467
1086	-75.679674744606	-65.635649661999
1087	-70.605605840683	-64.855012169574
1088	-65.687656402588	-64.105603087228
1089	-60.613594949246	-63.2625160506
1090	-55.617585778236	-62.450657424051
1091	-50.621580332518	-61.607570387423
1092	-45.625571161509	-60.795711760875
1093	-40.551502257586	-59.890175180044
1094	-35.633556544781	-59.015863371315
1095	-30.559487640858	-58.141555200564
1096	-25.641541928053	-57.204790209653
1097	-20.56747302413	-56.299257266801
1098	-15.649527311325	-55.36249227589
1099	-10.57545747608	-54.394506150857
1100	-5.579450167716	-53.426520025823
1101	-0.583442626521	-52.45853390079
1102	4.412564449012	-51.459319365677
1103	9.48663521558	-50.428883696441
1104	14.40457906574	-49.429669161327
1105	19.400585442781	-48.368005082011
1106	24.396592751145	-47.275116230594
1107	29.392600059509	-46.213455789257
1108	34.388609230518	-45.12056693784
1109	39.384614676237	-44.027678086422
1110	44.380623847246	-42.872336052824
1111	49.454692751169	-41.716997657204
1112	54.372638463974	-40.561659261584
1113	59.368643909693	-39.375092455884
1114	64.364656805992	-38.126079743961
1115	69.360665977001	-36.939512938261
1116	74.434734880924	-35.690496588359
1117	79.352676868439	-34.379030694254
1118	84.426745772362	-33.09878957225
1119	89.422754943371	-31.756098906044
1120	94.340696930885	-30.413408239838
1121	99.414765834808	-29.00826439145
1122	104.410775005817	-27.603122362052
1123	109.406784176826	-26.135528969462
1124	114.324726164341	-24.636710804771
1125	119.398795068264	-23.106666048989
1126	124.394804239273	-21.482945157914
1127	129.390805959702	-19.859226085828
1128	134.386822581291	-18.141829059459
1129	139.460891485214	-16.39320726099
1130	144.456893205643	-14.582134099328
1131	149.374842643738	-12.646160030272
1132	154.370844364166	-10.67896027962
1133	159.444913268089	-8.64931007527
1134	164.362862706184	-6.557208962477
1135	166.392490267754	-5.620447154797
1136	174.354881048203	-1.672343046266
1137	179.428949952126	0.715619307812
1138	184.346899390221	3.208094540241
1139	189.342901110649	5.795581728307
1140	194.338902831078	8.481247277814
1141	199.256852269173	11.284094398434
1142	204.330921173096	14.191454283719
1143	209.248870611191	17.212829334312
1144	214.244872331619	20.348217731225
1145	219.240888953209	23.607120965608
1146	224.236890673637	26.989539037459
1147	229.31095957756	30.489138225676
1148	234.228909015656	34.118591429433
1149	239.224910736084	37.887391954428
1150	244.220912456512	41.77654045634
1151	249.294996261597	45.805038098479
1152	254.290997982025	49.972888518823
1153	259.286999702454	54.286421800498
1154	264.204949140549	58.74247290194
1155	269.200950860977	63.344203226734
1156	274.275034666061	68.094792368356
1157	279.192984104156	72.997398092412
1158	284.267038106918	78.045690315776
1159	289.184987545013	83.239669038449
1160	294.180989265442	88.57933426043
1161	299.17699098587	94.080511189532
1162	304.172992706299	99.717879493255
1163	306.983262300491	102.941943623591
1164	306.983262300491	102.941943623591
1165	319.395214319229	116.876755782869
1166	324.391216039658	123.059391626157
1167	329.465299844742	129.304462461732
1168	334.383249282837	135.705675347708
1169	339.457303285599	142.138102091849
1170	344.453305006027	148.695427924395
1171	349.449336528778	155.346438987181
1172	354.445338249207	161.966221639886
1173	359.441339969635	168.617232702672
1174	364.437341690063	175.361914443783
1175	369.433343410492	182.012925506569
1176	374.42934513092	188.69515042752
1177	379.425376653671	195.314933080226
1178	384.499430656433	201.872273464687
1179	389.417380094528	208.335928618908
1180	394.491463899612	214.705913094804
1181	399.409383535385	220.919755520299
1182	404.405415058136	227.008713409305
1183	409.479469060898	232.94152924791
1184	414.397418498993	238.59333305154
1185	419.471472501755	244.12022321485
1186	424.467504024506	249.366072239354
1187	429.463505744934	254.362123087049
1188	434.459507465363	259.077176451683
1189	439.455509185791	263.479945715517
1190	444.451510906219	267.601717496291
1191	449.369460344315	271.348748356104
1192	454.521596431732	274.752324912697
1193	459.439545869827	277.78118965216
1194	464.513629674912	280.466570984572
1195	469.431549310684	282.777240499854
1196	474.427580833435	284.681998891756
1197	479.501634836197	286.212045466527
1198	484.419584274292	287.367380224168
1199	489.41558599472	288.148003164679
1200	494.411587715149	288.522714981809