Point	Potential(mV)	Current(microAmp)
1	249.997556209564	21.889121853747
2	254.056811332703	26.229450668325
3	259.130865335464	30.725906981388
4	264.126896858215	35.253589885542
5	269.044816493988	39.874947106
6	273.962765932083	44.527529098559
7	279.036849737167	49.148886319017
8	284.110903739929	53.957595810061
9	289.028853178024	58.984885981772
10	294.024854898453	64.137071603909
11	299.098938703537	69.445392000489
12	304.016888141632	74.784933531191
13	309.090942144394	80.405501648784
14	314.008891582489	86.275875219144
15	319.082975387573	92.333604698069
16	324.000924825668	98.578682809603
17	329.07497882843	104.917431599461
18	334.149062633514	111.474764707964
19	339.145064353943	118.40680235764
20	344.063013792038	125.557417050004
21	349.059015512466	132.801709696651
22	354.055017232895	140.233343699947
23	359.051018953323	147.821119753644
24	364.047020673752	155.752364662476
25	369.043052196503	163.870965479873
26	374.039053916931	172.114479937591
27	379.113107919693	180.482878931798
28	384.031057357788	189.069862244651
29	389.027059078217	197.812973055989
30	394.023060798645	206.774653634056
31	399.097144603729	215.798791032284
32	404.093146324158	224.822928430513
33	409.011095762253	234.003193327226
34	414.085179567337	243.339585722424
35	419.00309920311	252.738420385867
36	424.077183008194	262.168498011306
37	429.151237010956	271.473661996424
38	434.069186449051	280.841282801703
39	439.065217971802	290.271331323311
40	444.06121969223	299.638952128589
41	449.135273694992	308.912887703627
42	454.053223133087	318.030710332096
43	459.049224853516	327.023619320244
44	464.045226573944	336.047756718472
45	469.119310379028	344.82209593989
46	474.037259817123	353.409064700827
47	479.111313819885	361.715035978705
48	484.02926325798	369.771179975942
49	489.103347063065	377.733667846769
50	494.099348783493	385.321414796636
51	499.095380306244	392.628164263442
52	504.013299942017	399.528973503038
53	509.087383747101	406.055070925504
54	514.005303382874	412.36259858124
55	519.001305103302	418.326671933755
56	524.075388908386	423.79109072499
57	529.071390628815	428.755942266434
58	534.067392349243	433.314853580669
59	538.985371589661	437.592738308012
60	544.0593957901	441.402225987986
61	549.055397510529	444.680888904259
62	554.129481315613	447.428727056831
63	559.125483036041	449.770624982193
64	564.043462276459	451.737840194255
65	569.039463996887	453.236658358946
66	574.035465717316	454.235851066187
67	579.1095495224	454.735476523638
68	584.027469158173	454.797904239967
69	589.023470878601	454.579334473237
70	594.01947259903	453.954824479297
71	599.093556404114	452.893174951896
72	604.011535644531	451.394356787205
73	609.085559844971	449.552055215463
74	614.159643650055	447.491183876991
75	619.077563285828	445.180485257879
76	624.073624610901	442.526332335547
77	629.14764881134	439.559924416244
78	634.065628051758	436.343718320131
79	639.061629772186	433.096283813939
80	644.135713577271	429.661478847265
81	649.131715297699	426.008104113862
82	654.127717018127	422.167388023809
83	659.123718738556	418.232986703515
84	664.119720458984	414.361042203382
85	669.115722179413	410.395412473008
86	674.03370141983	406.304898206145
87	679.10772562027	402.151898015291
88	684.103727340698	397.998926928267
89	689.099729061127	393.939641071483
90	694.0957903862	389.88032611087
91	699.091792106628	385.821040254086
92	704.165816307068	381.668040063232
93	709.083795547485	377.639982616529
94	714.15787935257	373.736809706315
95	719.075798988342	369.896093616262
96	724.149882793427	366.024120012298
97	729.067802429199	362.152175512165
98	734.141886234283	358.342687832192
99	739.059805870056	354.720541508868
100	744.13388967514	351.160852005705
101	749.129891395569	347.601162502542
102	754.125893115997	344.041472999379
103	759.121894836426	340.637896442786
104	764.117956161499	337.390461936593
105	769.113957881927	334.14299832657
106	774.109959602356	330.958020640537
107	779.183983802795	327.710586134344
108	784.180045127869	324.681721394882
109	789.176046848297	321.715313475579
110	794.09396648407	318.842561682686
111	799.168050289154	315.969838993624
112	804.164052009583	313.097087200731
113	809.081971645355	310.318049741909
114	814.156055450439	307.726324535906
115	819.074034690857	305.134628433734
116	824.226140975952	302.574131637812
117	829.144060611725	300.01366394572
118	834.062039852142	297.546852380037
119	839.214146137238	295.204954454675
120	844.132125377655	292.894255835563
121	849.128127098084	290.614814730361
122	854.202210903168	288.304145215079
123	859.12013053894	286.087131826207
124	864.116132259369	284.026260487735
125	869.190216064453	281.902932329103
126	874.186217784882	279.904517810792
127	879.104137420654	277.84361736849
128	884.178221225739	275.813974440098
129	889.174222946167	273.971672868356
130	894.170224666595	272.129371296614
131	899.088203907013	270.255870418623
132	904.162287712097	268.413568846881
133	909.158289432526	266.60249568522
134	914.154291152954	264.916307060048
135	919.150292873383	263.230147538707
136	924.146294593811	261.543988017365
137	929.064214229584	259.857799392194
138	934.138298034668	258.234096691012
139	939.134299755096	256.766506936401
140	944.130301475525	255.298888077959
141	949.126303195953	253.768841503188
142	954.200387001038	252.207595622167
143	959.118366241455	250.740005867556
144	964.192390441895	249.366072239354
145	969.110369682312	248.054595431313
146	974.262475967407	246.649462496862
147	979.180455207825	245.275557972491
148	984.176456928253	243.932867306285
149	989.172458648682	242.715075728483
150	994.16846036911	241.466070292518
151	999.164462089539	240.217050304636
152	995.963871479034	235.970393987373
153	990.967869758606	233.628496062011
154	986.049950122833	231.723737670109
155	981.053948402405	229.912664508447
156	975.979864597321	228.257718845271
157	970.983862876892	226.540330913849
158	965.987861156464	224.916613660753
159	960.991859436035	223.449009354226
160	955.995857715607	222.012648009695
161	950.921773910522	220.576286665164
162	945.925772190094	219.139910768718
163	941.007792949677	217.734763282351
164	935.933768749237	216.454529436305
165	930.937707424164	215.174281038344
166	926.019787788391	213.894047192298
167	920.945703983307	212.582584936172
168	915.949702262878	211.27110812813
169	910.95370054245	210.115773370489
170	905.879616737366	208.960438612849
171	900.961697101593	207.742647035047
172	895.965695381165	206.556083867326
173	891.047716140747	205.307063879445
174	885.973691940308	204.245399800129
175	880.977690219879	203.152507310733
176	875.981628894806	201.997172553092
177	870.985627174377	200.841837795451
178	865.989625453949	199.65527462773
179	860.993623733521	198.624824406579
180	855.919539928436	197.594388737343
181	851.001620292664	196.470282389782
182	846.005618572235	195.346161490306
183	841.009616851807	194.25326900091
184	836.013615131378	193.222833331674
185	830.939531326294	192.192397662438
186	826.021611690521	191.099505173042
187	820.947527885437	190.006627235562
188	815.951526165009	188.913734746166
189	810.95552444458	187.85207066685
190	805.959463119507	186.884077265859
191	801.041543483734	185.822427738458
192	796.045541763306	184.698306838982
193	791.049540042877	183.542972081341
194	785.897374153137	182.57497868035
195	780.979454517365	181.575771421194
196	775.983452796936	180.482878931798
197	770.987451076508	179.327544174157
198	765.913367271423	178.203423274681
199	760.917365550995	177.172987605445
200	755.921363830566	176.111323526129
201	750.925362110138	175.018431036733
202	745.929360389709	173.831867869012
203	740.933358669281	172.707761521451
204	736.015379428864	171.614869032055
205	730.863273143768	170.521976542659
206	725.945293903351	169.366641785018
207	720.949292182922	168.148850207217
208	715.953290462494	166.899830219336
209	710.957288742065	165.775723871775
210	705.961287021637	164.620374562219
211	700.887203216553	163.402597536333
212	695.891201496124	162.122349138372
213	690.973281860352	160.810886882246
214	685.977280139923	159.593095304444
215	681.059300899506	158.344075316563
216	675.90719461441	157.063841470517
217	670.989215373993	155.658693984151
218	665.993213653564	154.284774907865
219	660.91912984848	152.973312651739
220	656.001210212708	151.599393575452
221	650.927126407623	150.194246089086
222	646.009206771851	148.695427924395
223	640.935122966766	147.165381349623
224	635.939121246338	145.760248415172
225	630.943119525909	144.292658660561
226	626.025140285492	142.762612085789
227	620.873034000397	141.138880280778
228	615.955114364624	139.452720759436
229	610.88103055954	137.922674184665
230	605.963051319122	136.330170789734
231	600.889027118683	134.644011268392
232	595.971047878265	132.864151964895
233	590.975046157837	131.084307213314
234	585.900962352753	129.398133140057
235	580.98304271698	127.680745208636
236	575.908958911896	125.807215226814
237	570.912957191467	123.933699796908
238	565.995037555695	121.997720270883
239	560.842871665955	120.155425975099
240	555.924952030182	118.250674859155
241	551.006972789764	116.345923743211
242	545.932948589325	114.253823994659
243	540.936887264252	112.22417379031
244	535.862863063812	110.22575199604
245	530.944883823395	108.227322925813
246	525.948882102966	106.166451587342
247	520.952880382538	103.980673884507
248	515.956878662109	101.794896181673
249	510.882794857025	99.734017567243
250	505.964875221252	97.641917818692
251	500.968873500824	95.456140115857
252	495.89478969574	93.20791286882
253	490.898787975311	90.990906755906
254	485.824704170227	88.867585873231
255	480.906754732132	86.650579760317
256	475.910753011703	84.43358092336
257	470.992803573608	82.154125266243
258	465.918749570847	79.905898019206
259	460.922747850418	77.688891906291
260	455.926716327667	75.534342613537
261	450.930714607239	73.317336500622
262	445.93471288681	70.97543857526
263	440.860629081726	68.758432462346
264	435.942709445953	66.603883169591
265	430.946677923203	64.48055501096
266	425.950676202774	62.294777308125
267	420.876622200012	60.046550061088
268	415.958672761917	57.860772358254
269	410.962671041489	55.768668971723
270	405.96666932106	53.707793995272
271	400.892585515976	51.584469474619
272	395.896583795547	49.429916543886
273	390.900582075119	47.369041567436
274	385.904550552368	45.339391363086
275	380.90854883194	43.372190702939
276	375.912547111511	41.34254049859
277	370.916545391083	39.28166552214
278	365.920543670654	37.25201531779
279	360.924512147903	35.347264201846
280	355.928510427475	33.442516723881
281	350.854456424713	31.444091291633
282	345.858454704285	29.414441087283
283	340.94050526619	27.447240427136
284	335.944503545761	25.542492949171
285	330.94847202301	23.637743652216
286	325.952470302582	21.639318219968
287	320.956468582153	19.515991880326
288	315.882384777069	17.455116903875
289	310.964465141296	15.456691471627
290	305.968433618546	13.33336422249
291	300.894379615784	11.14758742915
292	295.898377895355	8.743232683628
293	290.902376174927	6.370102710207
294	285.906344652176	3.934522283089
295	280.910342931747	1.436490947526
296	275.992393493652	-1.311343339694
297	270.840257406235	-4.215304670652
298	269.747406244278	-4.839812390856
299	269.747406244278	-4.839812390856
300	269.747406244278	-4.839812390856
301	269.747406244278	-4.839812390856
302	269.747406244278	-4.839812390856
303	241.800978779793	-23.981105186977
304	236.72690987587	-28.180626031826
305	231.808960437775	-32.598669349682
306	226.812958717346	-37.25741407834
307	221.973076462746	-42.226529330947
308	217.055127024651	-47.509183787042
309	212.059125304222	-53.06737148203
310	207.063108682632	-58.888424973702
311	202.145174145699	-64.994521380868
312	197.227224707603	-71.429982199334
313	192.309275269508	-78.188488259912
314	187.391340732574	-85.232022684068
315	182.395324110985	-92.538430180866
316	177.477389574051	-100.129873317201
317	175.681948661804	-103.08473429177
318	175.681948661804	-103.08473429177
319	175.681948661804	-103.08473429177
320	175.681948661804	-103.08473429177
321	175.681948661804	-103.08473429177
322	175.681948661804	-103.08473429177
323	175.681948661804	-103.08473429177
324	175.681948661804	-103.08473429177
325	175.681948661804	-103.08473429177
326	175.681948661804	-103.08473429177
327	120.881989598274	-203.776769922115
328	115.885980427265	-214.143597986549
329	110.889971256256	-224.510426050983
330	105.893969535828	-234.939710935578
331	100.897960364819	-245.493924012408
332	95.90195119381	-256.204220931977
333	90.9059420228	-266.976974671707
334	85.909940302372	-277.624843874946
335	80.913931131363	-288.272683974355
336	75.917921960354	-298.983009997755
337	70.921912789345	-309.724535327405
338	65.925911068916	-320.497289067134
339	60.851830989122	-331.082701450214
340	55.933889001608	-341.574428603053
341	50.859820097685	-352.066155755892
342	45.785751193762	-362.526683602482
343	40.945868939161	-372.893497115001
344	35.871796309948	-382.97931314446
345	30.875790864229	-392.971414839849
346	25.957845151424	-402.869889512658
347	20.883776247501	-412.643421441317
348	15.887768939138	-422.229612013325
349	10.891761630774	-431.472348282114
350	5.89575432241	-440.558913396671
351	0.821684254333	-449.45816625841
352	-4.096260294318	-458.170048659667
353	-9.0142050758	-466.632132884115
354	-14.088274911046	-474.688276881352
355	-19.162345677614	-482.400937471539
356	-24.080289527774	-489.926256705076
357	-29.076296836138	-497.201806865633
358	-34.072306007147	-504.102616105229
359	-39.068311452866	-510.535028297454
360	-44.064320623875	-516.65521459654
361	-49.138389527798	-522.431917488575
362	-54.134394973517	-527.95879309997
363	-59.130404144526	-533.017329871655
364	-64.204469323158	-537.607411388308
365	-69.122411310673	-541.760411579162
366	-74.118420481682	-545.538670849055
367	-79.114429652691	-549.035903532058
368	-84.1104388237	-552.033539861441
369	-89.106440544128	-554.562837351114
370	-94.180516898632	-556.561222765595
371	-99.176518619061	-558.309897314757
372	-104.094468057156	-559.621315915138
373	-109.090469777584	-560.526852495968
374	-114.164546132088	-560.839136596769
375	-119.160547852516	-560.776679776609
376	-124.23462420702	-560.370739549398
377	-129.152566194534	-559.590116608888
378	-134.148567914963	-558.466010261327
379	-139.144584536552	-556.873506866395
380	-144.218653440475	-554.875063244253
381	-149.136587977409	-552.564393728971
382	-154.132604598999	-550.09761126712
383	-159.128606319427	-547.224830370396
384	-164.202675223351	-543.946167454124
385	-169.120624661446	-540.448934771121
386	-174.116626381874	-536.733132321388
387	-179.190695285797	-532.892416231334
388	-184.186711907387	-528.770673554391
389	-189.104646444321	-524.399103596807
390	-194.10066306591	-519.808963872492
391	-199.096664786339	-515.187624841928
392	-204.170733690262	-510.503770783544
393	-209.088683128357	-505.695061292499
394	-214.16275203228	-500.699039548635
395	-219.158753752708	-495.609303470701
396	-224.154770374298	-490.550766699016
397	-229.150772094727	-485.492259031162
398	-234.146788716316	-480.464979773387
399	-239.142790436745	-475.250330055133
400	-244.216859340668	-470.098137157038
401	-249.134808778763	-465.008401079103
402	-254.130810499191	-459.981121821329
403	-259.204894304276	-455.047498689964
404	-264.200896024704	-449.98899102211
405	-269.196897745132	-445.024139480665
406	-274.192899465561	-440.121773863211
407	-279.188901185989	-435.406720498577
408	-284.106850624084	-430.691696237773
409	-289.180934429169	-425.945443566889
410	-294.176936149597	-421.292847022414
411	-299.172937870026	-416.79639252834
412	-304.168939590454	-412.456080084667
413	-309.164941310883	-408.146966947243
414	-314.160972833633	-403.806625399739
415	-319.156974554062	-399.559998186305
416	-324.15297627449	-395.438226405531
417	-329.148977994919	-391.535053495318
418	-334.223061800003	-387.600652175024
419	-339.141011238098	-383.666250854731
420	-344.137012958527	-379.856763174757
421	-349.133014678955	-376.172160031274
422	-354.207068681717	-372.643698938191
423	-359.125018119812	-369.146466255188
424	-364.12101984024	-365.617976058275
425	-369.195103645325	-362.214428605512
426	-374.191105365753	-358.904537279159
427	-379.187107086182	-355.781987309456
428	-384.183138608933	-352.690665749833
429	-389.179140329361	-349.53691647388
430	-394.097089767456	-346.539280144498
431	-399.171143770218	-343.635299941525
432	-404.089093208313	-340.825034072623
433	-409.163177013397	-338.13965274021
434	-414.159178733826	-335.360586177558
435	-419.155180454254	-332.706433255225
436	-424.229234457016	-330.177164869383
437	-429.147183895111	-327.772810123861
438	-434.14318561554	-325.337226968259
439	-439.217269420624	-322.995329042897
440	-444.135218858719	-320.653431117535
441	-449.131220579147	-318.498874548823
442	-454.127222299576	-316.406774800271
443	-459.20130610466	-314.408360281959
444	-464.197307825089	-312.347459839657
445	-469.193309545517	-310.380273731425
446	-474.189311265945	-308.537972159684
447	-479.185312986374	-306.820584228262
448	-484.181344509125	-305.134395603091
449	-489.177346229553	-303.417007671669
450	-494.173347949982	-301.793275866658
451	-499.16934967041	-300.263258395717
452	-496.046841144562	-292.331998934969
453	-490.9727871418	-287.898001261055
454	-485.976785421371	-284.026027657092
455	-480.980753898621	-280.528794974089
456	-476.062834262848	-277.281360467896
457	-470.988750457764	-274.346180958673
458	-466.070801019669	-271.473429165781
459	-460.918664932251	-268.663163296878
460	-456.000745296478	-266.008981270716
461	-451.004713773727	-263.448513578624
462	-446.008712053299	-261.012930423021
463	-441.01271033287	-258.671032497659
464	-435.938626527786	-256.297906162217
465	-431.020706892014	-253.987207543105
466	-425.946623086929	-251.770223258063
467	-421.028673648834	-249.709351919591
468	-416.032671928406	-247.648451477289
469	-411.036670207977	-245.493924012408
470	-405.88453412056	-243.433023570105
471	-400.888532400131	-241.465822909959
472	-396.04863524437	-239.592292928137
473	-391.052633523941	-237.71877749823
474	-386.056631803513	-235.814019106328
475	-380.982547998428	-233.909275266342
476	-375.986546278	-232.0669736946
477	-370.990544557571	-230.380799621344
478	-366.072595119476	-228.663411689922
479	-360.998541116714	-226.7898817081
480	-355.92445731163	-225.041265366599
481	-350.928455591202	-223.323862883262
482	-346.010506153107	-221.731374040246
483	-341.014504432678	-220.10765678715
484	-336.01850271225	-218.296583625488
485	-330.944418907166	-216.641637962312
486	-326.02646946907	-214.986692299135
487	-321.030467748642	-213.394188904203
488	-315.95641374588	-211.832928471267
489	-310.960382223129	-210.146754398011
490	-305.964380502701	-208.460580324754
491	-300.890326499939	-206.868091481738
492	-295.972377061844	-205.338044906966
493	-290.976375341415	-203.745541512035
494	-285.980343818665	-202.090595848858
495	-280.906289815903	-200.435650185682
496	-275.910288095474	-198.843161342666
497	-270.992338657379	-197.313114767894
498	-265.918254852295	-195.720625924878
499	-261.000335216522	-194.065680261701
500	-256.004303693771	-192.410734598525
501	-251.008301973343	-190.787017345428
502	-246.012300252914	-189.256970770657
503	-240.938231348991	-187.664467375726
504	-236.020281910896	-185.947079444304
505	-230.946213006973	-184.229676960967
506	-225.950211286545	-182.605959707871
507	-220.954194664955	-181.04468472302
508	-215.958192944527	-179.389739059843
509	-210.962191224098	-177.641122718342
510	-205.966174602509	-175.89250637684
511	-200.97017288208	-174.206332303584
512	-195.97415626049	-172.551386640407
513	-190.900087356567	-170.865212567151
514	-185.982152819633	-169.054139405489
515	-180.986136198044	-167.211837833747
516	-175.990134477615	-165.463221492246
517	-170.916065573692	-163.714605150744
518	-165.998116135597	-161.934745847248
519	-161.002114415169	-160.061230417341
520	-155.928045511246	-158.125258167274
521	-151.010096073151	-156.282956595533
522	-146.014094352722	-154.471883433871
523	-140.940025448799	-152.598353452049
524	-136.022076010704	-150.568710523658
525	-130.948007106781	-148.601509863511
526	-125.952005386353	-146.603080793284
527	-120.955988764763	-144.698336953297
528	-115.959987044334	-142.762364703231
529	-110.963977873325	-140.670264954679
530	-105.967968702316	-138.546936796047
531	-100.971959531307	-136.51727931574
532	-95.975957810879	-134.487636387348
533	-90.901881456375	-132.395536638796
534	-85.905879735947	-130.209751660004
535	-80.909870564938	-128.023981233127
536	-75.991928577423	-125.869424664415
537	-70.91785222292	-123.777324915864
538	-65.921850502491	-121.591547213029
539	-60.925845056772	-119.312091555912
540	-55.929835885763	-117.032643174753
541	-50.933830440044	-114.784408651758
542	-45.937821269035	-112.598630948924
543	-40.941815823317	-110.381632111967
544	-36.023870110512	-108.008498500567
545	-30.949801206589	-105.666600575205
546	-25.875730440021	-103.355916508008
547	-21.03584818542	-101.107689260971
548	-15.961777418852	-98.828233603854
549	-10.965770110488	-96.423878858332
550	-5.969762802124	-94.019524112809
551	-0.973755726591	-91.677626187448
552	4.022251814604	-89.39817053033
553	9.018259122968	-87.087493739091
554	14.092328958213	-84.620682173409
555	19.088335335255	-82.247555837967
556	24.006279185414	-79.905650636647
557	29.080349951983	-77.594973845407
558	34.076359122992	-75.221840234008
559	38.994301110506	-72.817485488486
560	44.068373739719	-70.413130742963
561	49.064379185438	-68.040004407521
562	54.060388356447	-65.729320340324
563	59.056393802166	-63.387422414962
564	64.052402973175	-60.98306766944
565	69.126471877098	-58.547484513838
566	74.044421315193	-56.205579312518
567	79.040430486202	-53.8948988833
568	84.114499390125	-51.552997319959
569	89.03244137764	-49.086189392256
570	94.028450548649	-46.650609874632
571	99.024459719658	-44.277479901211
572	104.020461440086	-41.904349927791
573	109.016470611095	-39.499995182268
574	114.090539515018	-37.033190892544
575	119.086548686028	-34.503933420638
576	124.082550406456	-32.068353903014
577	129.078567028046	-29.57032120321
578	133.99650156498	-27.072290322394
579	138.992518186569	-24.449356715195
580	143.988519906998	-21.763973563793
581	149.062588810921	-19.141041775583
582	154.05860543251	-16.486883396283
583	159.054607152939	-13.77027365379
584	163.972556591034	-10.897538231802
585	169.046625494957	-7.993577128218
586	174.042627215385	-5.058390343038
587	179.116696119308	-2.123203557858
588	183.956578373909	0.905659248929
589	189.030647277832	4.153099780524
590	194.026663899422	7.431765880028
591	194.416970014572	7.712794285908
592	194.416970014572	7.712794285908
593	194.416970014572	7.712794285908
594	194.416970014572	7.712794285908
595	194.416970014572	7.712794285908
596	223.222076892853	28.706084776786
597	228.218078613281	32.664909667801
598	233.292147517204	36.712412111228
599	238.210096955299	40.911931137089
600	243.0499792099	45.285640226211
601	248.124063014984	49.827202019515
602	253.120064735413	54.495445510838
603	258.038014173508	59.303041780368
604	263.034015893936	64.297491917387
605	268.030017614365	69.507303123828
606	272.94796705246	74.922972999048
607	277.943968772888	80.512829299551
608	282.861918210983	86.273714259733
609	287.779867649078	92.259455414023
610	292.697787284851	98.489057563711
611	296.210616827011	102.986283309292
612	296.210616827011	102.986283309292
613	296.210616827011	102.986283309292
614	296.210616827011	102.986283309292
615	296.210616827011	102.986283309292
616	296.210616827011	102.986283309292
617	296.210616827011	102.986283309292
618	296.210616827011	102.986283309292
619	296.210616827011	102.986283309292
620	296.210616827011	102.986283309292
621	349.059015512466	185.135460924357
622	354.055017232895	194.34695423115
623	359.051018953323	203.745788894594
624	364.047020673752	213.519335375167
625	369.043052196503	223.511466174386
626	374.039053916931	233.56603924185
627	379.03505563736	243.776739807799
628	384.031057357788	254.237238550559
629	389.027059078217	264.947535470128
630	394.023060798645	275.751517619938
631	399.019092321396	286.617956589907
632	404.015094041824	297.546852380037
633	409.089148044586	308.631861116737
634	414.007097482681	319.873011903837
635	419.00309920311	331.114133587107
636	424.077183008194	342.386512784287
637	429.073184728622	353.627663571388
638	434.069186449051	364.837556844577
639	439.143270254135	376.109936041757
640	444.06121969223	387.351086828858
641	449.057221412659	398.404867155477
642	454.053223133087	409.333762945607
643	459.049224853516	420.137745095417
644	464.045226573944	430.879270425066
645	469.119310379028	441.495911218226
646	474.037259817123	451.737840194255
647	479.033261537552	461.729941889644
648	484.107345342636	471.472274512053
649	489.103347063065	481.027236673981
650	494.099348783493	490.301172249019
651	499.095380306244	499.137968290597
652	504.091382026672	507.600081618875
653	509.009301662445	515.593739692122
654	514.005303382874	523.337628692389
655	519.001305103302	530.644378159195
656	524.153470993042	537.451531272382
657	529.071390628815	543.665373697877
658	534.145474433899	549.442076589912
659	539.063394069672	554.812839254737
660	544.0593957901	559.684005565941
661	549.133479595184	563.899404369295
662	554.129481315613	567.490351386368
663	559.04746055603	570.581643842161
664	564.12148475647	573.204597458243
665	569.117546081543	575.234240386635
666	574.035465717316	576.701830141246
667	579.1095495224	577.482453081757
668	584.105551242828	577.732280362397
669	589.101552963257	577.576167415828
670	594.097554683685	576.857943087816
671	599.17163848877	575.577723793685
672	604.089558124542	573.735451325774
673	609.163641929626	571.424723602831
674	614.159643650055	568.739371374249
675	619.155645370483	565.710477530956
676	624.073624610901	562.213244847953
677	629.225730895996	558.21641581133
678	634.143650531769	553.969759494066
679	639.139711856842	549.566990230232
680	644.213736057281	544.820737559348
681	649.131715297699	539.793458301574
682	654.049634933472	534.516351763159
683	659.123718738556	529.020675458014
684	664.119720458984	523.587455973029
685	669.193804264069	517.998123541474
686	674.111723899841	512.283877469599
687	679.185807704926	506.413460243493
688	684.103727340698	500.543101225048
689	689.099729061127	494.766398333013
690	694.0957903862	488.958496134728
691	699.169814586639	483.088108012453
692	704.087793827057	477.248977404088
693	709.161877632141	471.472274512053
694	714.15787935257	465.851713670418
695	719.153881072998	460.293580545112
696	724.149882793427	454.735476523638
697	729.067802429199	449.177343398333
698	734.141886234283	443.775352323428
699	739.137887954712	438.560702605173
700	744.13388967514	433.439738117158
701	749.129891395569	428.350002039224
702	754.125893115997	423.35395119153
703	759.121894836426	418.389099650085
704	764.19597864151	413.705303799361
705	769.191980361938	409.052707254887
706	774.109959602356	404.493825044483
707	779.183983802795	399.966142140329
708	784.101963043213	395.563343772665
709	789.097964763641	391.347915865481
710	794.09396648407	387.194944778457
711	799.168050289154	383.135658921674
712	804.085969924927	379.07634396106
713	809.160053730011	375.173171050847
714	814.156055450439	371.426140191033
715	819.152057170868	367.74153704755
716	824.148058891296	364.150619134307
717	829.222142696381	360.528472810984
718	834.218144416809	357.03121102415
719	839.136123657227	353.752548107877
720	844.132125377655	350.473885191605
721	849.128127098084	347.195222275332
722	854.124128818512	344.010244589299
723	859.12013053894	340.856466209516
724	864.116132259369	337.921286700293
725	869.190216064453	335.017306497321
726	874.108135700226	332.144583808258
727	879.104137420654	329.240632709116
728	884.178221225739	326.461566146463
729	889.096200466156	323.838641634211
730	894.170224666595	321.246916428208
731	899.24430847168	318.686448736116
732	904.162287712097	316.032295813784
733	909.158289432526	313.565484248102
734	914.076209068298	311.19235791266
735	919.150292873383	308.881659293547
736	924.146294593811	306.539761368185
737	929.220378398895	304.229091852903
738	934.138298034668	301.949621643871
739	939.134299755096	299.826293485239
740	944.130301475525	297.734193736687
741	949.126303195953	295.610865578055
742	954.122304916382	293.487537419423
743	959.118366241455	291.489122901112
744	964.114367961884	289.58436450921
745	969.110369682312	287.679635221139
746	974.184453487396	285.806105239317
747	979.102373123169	283.870118437335
748	984.176456928253	282.027845969424
749	989.172458648682	280.310428934172
750	994.090378284454	278.59304100275
751	999.242544174194	276.875653071329
752	996.04195356369	271.942029939964
753	991.045951843262	269.038078840822
754	985.971868038177	266.60249568522
755	981.053948402405	264.260597759858
756	975.979864597321	262.012355960906
757	971.061944961548	259.857799392194
758	965.987861156464	257.796928053722
759	960.991859436035	255.86097035557
760	955.995857715607	254.018668783829
761	950.999855995178	252.145138802007
762	945.925772190094	250.209152000025
763	940.929770469666	248.429307248443
764	935.933768749237	246.711919317022
765	931.01578950882	245.05695910193
766	926.019787788391	243.402042542584
767	920.945703983307	241.684640059248
768	916.027784347534	240.029694396071
769	911.031782627106	238.468433963135
770	905.957698822021	236.938387388363
771	900.961697101593	235.377112403512
772	896.043717861176	233.784623560496
773	890.969693660736	232.254576985724
774	885.973691940308	230.786987231113
775	881.05571269989	229.381839744747
776	875.981628894806	227.914249990135
777	870.985627174377	226.384203415364
778	865.989625453949	224.885385250673
779	860.993623733521	223.542694584467
780	855.997622013092	222.20000391826
781	851.001620292664	220.732399611734
782	846.005618572235	219.358495087363
783	840.931534767151	217.890890780836
784	836.013615131378	216.61065693479
785	830.939531326294	215.299194678664
786	826.021611690521	213.894047192298
787	821.025550365448	212.488899705932
788	815.951526165009	211.114980629645
789	810.95552444458	209.803518373519
790	805.959463119507	208.554498385638
791	800.963461399078	207.211807719432
792	795.96745967865	205.775446374901
793	790.971457958221	204.401527298614
794	785.897374153137	203.121293452568
795	781.05753660202	201.872273464687
796	775.983452796936	200.498354388401
797	770.987451076508	199.124435312115
798	765.991449356079	197.719287825748
799	760.995447635651	196.439053979702
800	755.921363830566	195.127591723576
801	751.003384590149	193.75367264729
802	746.00738286972	192.348525160924
803	740.933358669281	190.912163816392
804	736.015379428864	189.631915418431
805	731.019377708435	188.289224752225
806	725.945293903351	186.852863407694
807	720.949292182922	185.385259101167
808	715.953290462494	183.948897756636
809	710.957288742065	182.57497868035
810	705.883204936981	181.201059604064
811	700.965285301209	179.671013029292
812	695.96928358078	178.203423274681
813	690.973281860352	176.642162841745
814	686.055302619934	175.205786945298
815	680.98121881485	173.738197190687
816	676.063299179077	172.176922205836
817	670.989215373993	170.584433362819
818	665.993213653564	168.929487699643
819	660.91912984848	167.399441124871
820	656.001210212708	165.806952281855
821	651.005208492279	164.183220476843
822	645.931124687195	162.434604135342
823	640.935122966766	160.68598779384
824	635.939121246338	159.031042130664
825	630.943119525909	157.344868057407
826	625.947117805481	155.565023305826
827	620.951116085052	153.691493324004
828	615.955114364624	151.817963342182
829	610.959053039551	150.038118590601
830	605.885028839111	148.227045428939
831	600.889027118683	146.322301588953
832	595.971047878265	144.323872518726
833	590.975046157837	142.325458000414
834	585.900962352753	140.389471198432
835	580.98304271698	138.422285090201
836	575.908958911896	136.361399199814
837	570.991039276123	134.238071041182
838	565.916955471039	132.083529024385
839	560.92095375061	130.053871544078
840	555.924952030182	127.930543385446
841	550.928950309753	125.744772958569
842	545.932948589325	123.496545711532
843	540.936887264252	121.185861644335
844	535.940885543823	119.000083941501
845	530.944883823395	116.814306238666
846	525.948882102966	114.472401037347
847	520.952880382538	112.130495836027
848	515.878796577454	109.757369500585
849	510.882794857025	107.477913843468
850	505.886793136597	105.167237052228
851	500.968873500824	102.762882306706
852	495.89478969574	100.327299151104
853	490.898787975311	97.891723271459
854	485.902786254883	95.51858966006
855	480.984836816788	93.20791286882
856	475.910753011703	90.741108579096
857	470.992803573608	88.274304289371
858	465.918749570847	85.838721133769
859	460.922747850418	83.465594798327
860	456.004798412323	81.123689597007
861	450.930714607239	78.656878031325
862	446.012765169144	76.252523285803
863	441.016763448715	73.785718996078
864	435.942709445953	71.537491749041
865	430.946677923203	69.164365413599
866	425.950676202774	66.853681346402
867	420.954674482346	64.449326600879
868	415.958672761917	62.10742139956
869	410.962671041489	59.859197790502
870	405.96666932106	57.642191677587
871	400.892585515976	55.362739658449
872	395.896583795547	53.083287639311
873	390.900582075119	50.803831982194
874	385.904550552368	48.711732233642
875	380.986630916595	46.58840407501
876	375.990599393845	44.433854782255
877	370.916545391083	42.248077079421
878	365.998595952988	40.124748920789
879	360.924512147903	38.063873944338
880	355.928510427475	36.034223739989
881	350.932508707047	33.942123991437
882	345.858454704285	31.818795832805
883	340.94050526619	29.757919037365
884	335.944503545761	27.790720196208
885	330.94847202301	25.698618628667
886	325.874418020248	23.637743652216
887	320.956468582153	21.451965949382
888	315.960466861725	19.297414837638
889	310.964465141296	17.142861906905
890	305.890381336212	14.957085113565
891	300.894379615784	12.677631275437
892	295.820295810699	10.242050848319
893	290.902376174927	7.775244739605
894	285.828292369843	5.308439540386
895	280.910342931747	2.685506615308
896	275.914341211319	-0.062327828232
897	270.918339490891	-3.059965138164
898	266.781002283096	-5.526771019504
899	266.781002283096	-5.526771019504
900	266.781002283096	-5.526771019504
901	266.781002283096	-5.526771019504
902	266.781002283096	-5.526771019504
903	241.800978779793	-23.151336790761
904	236.72690987587	-27.398362362874
905	231.808960437775	-31.870247767074
906	226.89101099968	-36.589164665202
907	221.973076462746	-41.612122004153
908	216.977059841156	-46.945446229074
909	212.059125304222	-52.557476010406
910	207.063108682632	-58.426034229342
911	202.223226428032	-64.579631725792
912	197.227224707603	-71.056267188396
913	192.387342453003	-77.855947893113
914	187.391340732574	-84.94382200297
915	182.395324110985	-92.29139686795
916	177.477389574051	-99.911339930259
917	175.60388147831	-103.00239227945
918	175.60388147831	-103.00239227945
919	175.60388147831	-103.00239227945
920	175.60388147831	-103.00239227945
921	175.60388147831	-103.00239227945
922	175.60388147831	-103.00239227945
923	175.60388147831	-103.00239227945
924	175.60388147831	-103.00239227945
925	175.60388147831	-103.00239227945
926	175.60388147831	-103.00239227945
927	120.960049331188	-203.65187083371
928	115.885980427265	-213.956256629899
929	110.968038439751	-224.260627874173
930	105.815902352333	-234.658684348688
931	100.897960364819	-245.150440605357
932	95.980010926724	-255.829509114847
933	90.9059420228	-266.477378318086
934	85.988000035286	-277.000333881006
935	80.913931131363	-287.585746264085
936	75.83986222744	-298.202357953414
937	70.921912789345	-308.881455566734
938	65.847843885422	-319.498096359894
939	60.851830989122	-329.958595102653
940	55.855825543404	-340.325408615172
941	50.937883555889	-350.692251231521
942	45.863810926676	-360.996637027711
943	40.867805480957	-371.20733759366
944	35.871796309948	-381.137011572719
945	30.953854322434	-390.941771911457
946	25.957845151424	-400.715332943946
947	20.883776247501	-410.301523515955
948	15.887768939138	-419.700372731313
949	10.813699103892	-428.818166255951
950	5.89575432241	-437.654962297529
951	0.899747014046	-446.335616288707
952	-4.096260294318	-454.891385743394
953	-9.092267602682	-463.134871097282
954	-14.088274911046	-470.972445327789
955	-19.08428221941	-478.497764561325
956	-24.080289527774	-485.835742438212
957	-29.154360294342	-492.892693728209
958	-34.072306007147	-499.574933201075
959	-39.14637491107	-505.81997493282
960	-44.142380356789	-511.690333951265
961	-49.138389527798	-517.27972459048
962	-54.134394973517	-522.556772921234
963	-59.052340686321	-527.396739926189
964	-64.04834985733	-531.737052369863
965	-69.122411310673	-535.702682100236
966	-74.118420481682	-539.29362911731
967	-79.036369919777	-542.572292033583
968	-84.1104388237	-545.351358596236
969	-89.106440544128	-547.630770597607
970	-94.102449715138	-549.473101273179
971	-99.098458886147	-551.00314784795
972	-104.016400873661	-552.158453501761
973	-109.168536961079	-552.845420315862
974	-114.164546132088	-553.032790776342
975	-119.082488119602	-552.814221009612
976	-124.156557023525	-552.220910321921
977	-129.152566194534	-551.346631255001
978	-134.226635098457	-550.066353753209
979	-139.144584536552	-548.317737411708
980	-144.140586256981	-546.194438356906
981	-149.058535695076	-543.852511327714
982	-154.210671782494	-541.198358405381
983	-159.128606319427	-538.294378202409
984	-164.124622941017	-534.953258465976
985	-169.120624661446	-531.393568962812
986	-174.194693565369	-527.646508999169
987	-179.112643003464	-523.743336088955
988	-184.186711907387	-519.621593412012
989	-189.104646444321	-515.218824148178
990	-194.10066306591	-510.691141244024
991	-199.174731969833	-506.06980221346
992	-204.092681407928	-501.417205668986
993	-209.088683128357	-496.639695484191
994	-214.16275203228	-491.674873046577
995	-219.158753752708	-486.616365378723
996	-224.154770374298	-481.682771351188
997	-229.150772094727	-476.686691399664
998	-234.146788716316	-471.721868962049
999	-239.142790436745	-466.632132884115
1000	-244.216859340668	-461.5111683961
1001	-249.134808778763	-456.515088444576
1002	-254.130810499191	-451.612722827122
1003	-259.12681221962	-446.710328105837
1004	-264.122813940048	-441.745476564392
1005	-269.118845462799	-436.905538663268
1006	-274.192899465561	-432.128057582304
1007	-279.188901185989	-427.47549014166
1008	-284.184902906418	-422.885350417346
1009	-289.102852344513	-418.232782976702
1010	-294.176936149597	-413.673871662468
1011	-299.094885587692	-409.302301704884
1012	-304.168939590454	-405.05564538762
1013	-309.086889028549	-400.840217480436
1014	-314.160972833633	-396.593561163172
1015	-319.156974554062	-392.440590076149
1016	-324.15297627449	-388.443761039525
1017	-329.148977994919	-384.634244255722
1018	-334.223061800003	-380.793528165668
1019	-339.141011238098	-376.952812075615
1020	-344.058930873871	-373.236980522051
1021	-349.133014678955	-369.646062608808
1022	-354.207068681717	-366.180029232055
1023	-359.125018119812	-362.776481779292
1024	-364.12101984024	-359.372905222699
1025	-369.117051362991	-356.031785486266
1026	-374.191105365753	-352.846807800233
1027	-379.109054803848	-349.786714650691
1028	-384.183138608933	-346.757849911228
1029	-389.179140329361	-343.697756761685
1030	-394.175142049789	-340.762577252463
1031	-399.171143770218	-337.92105386965
1032	-404.089093208313	-335.235672537237
1033	-409.163177013397	-332.581519614905
1034	-414.237231016159	-329.896138282493
1035	-419.155180454254	-327.304442180321
1036	-424.151182174683	-324.837630614638
1037	-429.147183895111	-322.495732689276
1038	-434.14318561554	-320.216262480244
1039	-439.217269420624	-317.843136144802
1040	-444.213271141052	-315.59492344968
1041	-449.131220579147	-313.502823701128
1042	-454.127222299576	-311.504380078986
1043	-459.20130610466	-309.537193970755
1044	-464.197307825089	-307.538750348613
1045	-469.193309545517	-305.665249470621
1046	-474.189311265945	-303.885375615209
1047	-479.185312986374	-302.199216093868
1048	-484.181344509125	-300.575484288856
1049	-489.177346229553	-298.920553177595
1050	-494.251400232315	-297.328049782664
1051	-499.091297388077	-295.891688438132
1052	-496.046841144562	-287.991657387465
1053	-490.9727871418	-283.651344943792
1054	-485.976785421371	-279.841828159988
1055	-480.902701616287	-276.407052297145
1056	-476.062834262848	-273.284502327442
1057	-470.988750457764	-270.34932281822
1058	-465.992748737335	-267.570256255567
1059	-460.996747016907	-264.791189692914
1060	-456.000745296478	-262.137036770582
1061	-451.082795858383	-259.63902589865
1062	-446.008712053299	-257.297098869458
1063	-441.01271033287	-254.986429354176
1064	-436.016708612442	-252.613303018734
1065	-431.020706892014	-250.365061219782
1066	-425.946623086929	-248.21050465107
1067	-421.028673648834	-246.180861722678
1068	-415.954619646072	-244.151218794286
1069	-411.036670207977	-242.090332903899
1070	-406.040668487549	-240.060675423592
1071	-401.044636964798	-238.155931583606
1072	-395.970582962036	-236.344858421944
1073	-390.974581241608	-234.533785260282
1074	-385.978579521179	-232.597813010216
1075	-381.060630083084	-230.724283028394
1076	-375.986546278	-228.944438276812
1077	-370.990544557571	-227.289492613636
1078	-365.994542837143	-225.603318540379
1079	-360.998541116714	-223.823473788798
1080	-355.92445731163	-222.074857447296
1081	-351.006507873535	-220.41991178412
1082	-346.010506153107	-218.827408389188
1083	-341.014504432678	-217.203691136092
1084	-335.940420627594	-215.517517062835
1085	-330.944418907166	-213.862571399659
1086	-326.02646946907	-212.238854146563
1087	-320.952415466309	-210.708807571791
1088	-315.95641374588	-209.17876099702
1089	-311.038464307785	-207.523815333843
1090	-305.964380502701	-205.868869670667
1091	-300.968378782272	-204.338837647811
1092	-295.972377061844	-202.808791073039
1093	-290.976375341415	-201.309972908348
1094	-285.980343818665	-199.655027245171
1095	-280.906289815903	-198.03129544016
1096	-275.910288095474	-196.501263417304
1097	-270.914286375046	-194.971216842532
1098	-265.918254852295	-193.472398677841
1099	-260.922253131866	-191.817453014664
1100	-256.004303693771	-190.193735761568
1101	-250.93024969101	-188.601232366636
1102	-245.93423306942	-187.133642612025
1103	-241.016298532486	-185.509925358929
1104	-235.942214727402	-183.886193553917
1105	-231.024280190468	-182.231247890741
1106	-225.950211286545	-180.669987457804
1107	-221.03226184845	-179.046270204708
1108	-215.958192944527	-177.453766809776
1109	-210.962191224098	-175.736378878355
1110	-205.966174602509	-174.018976395018
1111	-200.97017288208	-172.395259141922
1112	-195.97415626049	-170.771541888826
1113	-190.978154540062	-169.147810083814
1114	-185.982152819633	-167.305523063987
1115	-180.986136198044	-165.525663760491
1116	-175.990134477615	-163.808275829069
1117	-170.916065573692	-162.122101755813
1118	-165.920063853264	-160.373485414311
1119	-160.924047231674	-158.468727022409
1120	-156.006097793579	-156.626440002583
1121	-151.010096073151	-154.846580699086
1122	-145.936027169228	-153.066735947505
1123	-140.940025448799	-151.193220517598
1124	-135.944008827209	-149.257248267531
1125	-130.948007106781	-147.290047607385
1126	-125.952005386353	-145.385289215483
1127	-120.955988764763	-143.449316965416
1128	-115.959987044334	-141.513344715349
1129	-111.042037606239	-139.483701786958
1130	-106.04602843523	-137.391587486491
1131	-100.971959531307	-135.393172968179
1132	-95.975957810879	-133.425972308032
1133	-90.97994863987	-131.33387255948
1134	-85.905879735947	-129.210544400848
1135	-80.909870564938	-127.024759422056
1136	-75.991928577423	-124.932659673505
1137	-70.995919406414	-122.871788335033
1138	-65.999910235405	-120.717239042278
1139	-61.003908514977	-118.469004519284
1140	-56.007899343967	-116.220777272247
1141	-50.933830440044	-114.034999569412
1142	-46.01588472724	-111.849221866578
1143	-41.019879281521	-109.632223029621
1144	-35.945806652308	-107.352767372504
1145	-30.949801206589	-105.010862171184
1146	-26.031855493784	-102.762634924147
1147	-20.957786589861	-100.51440767711
1148	-15.961777418852	-98.266180430073
1149	-10.965770110488	-95.893054094631
1150	-6.047825329006	-93.519920483232
1151	-0.973755726591	-91.240464826115
1152	4.100314341486	-88.961016444955
1153	9.096321649849	-86.650332377758
1154	14.014265500009	-84.277206042316
1155	19.088335335255	-81.841622886714
1156	24.006279185414	-79.562174505554
1157	29.080349951983	-77.251490438357
1158	34.076359122992	-74.940813647118
1159	39.07236456871	-72.536458901595
1160	43.990310281515	-70.132104156073
1161	49.064379185438	-67.821427364834
1162	54.060388356447	-65.541971707717
1163	59.056393802166	-63.200066506397
1164	64.052402973175	-60.795711760875
1165	69.048412144184	-58.391357015353
1166	74.044421315193	-56.049451814033
1167	79.040430486202	-53.738775022794
1168	84.114499390125	-51.365645049373
1169	89.03244137764	-48.992515075952
1170	94.028450548649	-46.525707148248
1171	99.102519452572	-44.152577174828
1172	104.020461440086	-41.810675611487
1173	109.016470611095	-39.437545638066
1174	114.090539515018	-36.90828816616
1175	119.008488953114	-34.379030694254
1176	124.004498124123	-31.94345117663
1177	129.078567028046	-29.507871659007
1178	134.074568748474	-26.978614187101
1179	139.070570468903	-24.355680579902
1180	144.066587090492	-21.6702974285
1181	148.984536528587	-19.016139049199
1182	154.05860543251	-16.424432033091
1183	159.132674336433	-13.645372746396
1184	164.050608873367	-10.741411642812
1185	169.046625494957	-7.837449629733
1186	174.042627215385	-4.9022632993
1187	179.116696119308	-1.935851287271
1188	184.034645557404	1.15546242796
1189	189.108714461327	4.402902959555
1190	194.026663899422	7.650343832211
1191	194.026663899422	7.650343832211
1192	194.026663899422	7.650343832211
1193	194.026663899422	7.650343832211
1194	194.026663899422	7.650343832211
1195	194.026663899422	7.650343832211
1196	223.222076892853	29.09246722993
1197	228.296145796776	33.067128242692
1198	233.214095234871	37.136796890991
1199	238.132029771805	41.361654439243
1200	243.0499792099	45.751196012134
1201	247.889846563339	50.159742386313