Point	Potential(mV)	Current(microAmp)
1	249.919503927231	20.921133909724
2	254.447132349014	25.854746127152
3	259.443134069443	30.382427212317
4	264.439135789871	34.878885344369
5	269.4351375103	39.531467336929
6	274.431139230728	44.184049329488
7	279.505223035812	48.867859732127
8	284.501224756241	53.707793995272
9	289.419174194336	58.703855756903
10	294.493228197098	63.856045017019
11	299.411177635193	69.101908593439
12	304.485261440277	74.566356488504
13	309.403210878372	80.186924606096
14	314.477264881134	86.026069766376
15	319.395214319229	92.052570835222
16	324.469298124313	98.235199402552
17	329.387217760086	104.698854556773
18	334.46130156517	111.318637209479
19	339.379251003265	118.219453725033
20	344.453305006027	125.307618873194
21	349.449336528778	132.583125378005
22	354.445338249207	140.170901431702
23	359.519392251968	147.852348163724
24	364.437341690063	155.783593072556
25	369.433343410492	163.933422300033
26	374.42934513092	172.301821294241
27	379.503428936005	180.857576197013
28	384.4213783741	189.569473150186
29	389.495432376862	198.468696908094
30	394.491463899612	207.492834306322
31	399.487465620041	216.704327613115
32	404.405415058136	226.009491598234
33	409.401416778564	235.470797633752
34	414.553552865982	245.08818751201
35	419.393420219421	254.643178777769
36	424.467504024506	264.385482296348
37	429.463505744934	274.159043328837
38	434.381455183029	283.870118437335
39	439.455509185791	293.674907879904
40	444.451510906219	303.417211398482
41	449.525594711304	313.159544020891
42	454.443544149399	322.80819141306
43	459.517598152161	332.425610395148
44	464.435547590256	341.886916430667
45	469.431549310684	351.223308825865
46	474.505633115768	360.434787580743
47	479.501634836197	369.427696568891
48	484.419584274292	378.264492610469
49	489.493638277054	386.820232961327
50	494.489669799805	395.157432649285
51	499.407589435577	403.213576646522
52	504.403591156006	411.019922466949
53	509.47767496109	418.420328060165
54	514.473676681519	425.508507760242
55	519.469678401947	432.284403359517
56	524.465680122375	438.654387835413
57	529.461681842804	444.649660494179
58	534.457743167877	450.207793619484
59	539.453744888306	455.297529697418
60	544.449746608734	460.043782368302
61	549.523830413818	464.259210275486
62	554.441750049591	468.099926365539
63	559.43775177002	471.378589281812
64	564.433753490448	474.282569484785
65	569.429755210876	476.624467410147
66	574.503839015961	478.529225802049
67	579.499840736389	479.99681555666
68	584.495842456818	480.964808957651
69	589.491844177246	481.495633721352
70	594.487845897675	481.589289847761
71	599.561929702759	481.245835544541
72	604.479908943176	480.527640320361
73	609.475910663605	479.4035339728
74	614.471912384033	477.842258987948
75	619.467914104462	475.999957416207
76	624.46391582489	473.814172437415
77	629.459917545319	471.347360871732
78	634.534001350403	468.56832341291
79	639.451920986176	465.570687083527
80	644.52600479126	462.260795757174
81	649.522006511688	458.857219200581
82	654.518008232117	455.203844467178
83	659.514009952545	451.425585197285
84	664.510011672974	447.522412287071
85	669.506013393402	443.525554146618
86	674.502074718475	439.403811469674
87	679.576098918915	435.21961197257
88	684.572100639343	431.004184065387
89	689.490079879761	426.788756158203
90	694.564163684845	422.479643020779
91	699.482083320618	418.170529883355
92	704.478085041046	413.923873566091
93	709.55216884613	409.708445658907
94	714.548170566559	405.461789341643
95	719.622254371643	401.21516212821
96	724.540174007416	397.124618757516
97	729.536175727844	393.034104490653
98	734.532177448273	389.006017940119
99	739.528179168701	385.040388209745
100	744.524240493774	381.137215299532
101	749.520242214203	377.296499209479
102	754.594266414642	373.518239939585
103	759.51224565506	369.802408386022
104	764.508247375488	366.180262062699
105	769.504249095917	362.589344149455
106	774.500250816345	359.123310772702
107	779.574334621429	355.688534909859
108	784.570336341858	352.316186763346
109	789.566338062286	349.068752257153
110	794.484257698059	345.85251705721
111	799.558341503143	342.698767781258
112	804.554343223572	339.669903041795
113	809.550344944	336.672266712412
114	814.546406269073	333.70585879311
115	819.542407989502	330.801878590137
116	824.53840970993	328.022841131315
117	829.61243391037	325.275002978742
118	834.530413150787	322.58962164633
119	839.604496955872	319.935468723997
120	844.522416591644	317.343743517995
121	849.518418312073	314.876931952313
122	854.514420032501	312.410149490461
123	859.51042175293	309.943337924778
124	864.506423473358	307.632639305666
125	869.580507278442	305.321969790384
126	874.576508998871	303.073757095262
127	879.494488239288	300.85674370639
128	884.490489959717	298.702187137678
129	889.564573764801	296.578858979046
130	894.482493400574	294.517987640575
131	899.634599685669	292.457116302103
132	904.552578926086	290.489901090041
133	909.548580646515	288.553943391889
134	914.544582366943	286.649184999987
135	919.540584087372	284.775655018166
136	924.614667892456	282.964581856504
137	929.532587528229	281.153508694842
138	934.528589248657	279.467349173501
139	939.52465057373	277.718732832
140	944.520652294159	276.001344900578
141	949.594676494598	274.408841505647
142	954.590678215027	272.785109700635
143	959.5867395401	271.192635409534
144	964.504659175873	269.631360424683
145	969.578742980957	268.070085439831
146	974.574744701386	266.6337240953
147	979.570746421814	265.166134340689
148	984.566748142242	263.698515482247
149	989.562749862671	262.293382547796
150	994.558751583099	260.950706433505
151	999.554753303528	259.608001215383
152	995.573580265045	254.643178777769
153	990.577578544617	252.176367212087
154	985.503494739532	250.021810643375
155	980.507493019104	247.960939304903
156	975.511491298676	246.118637733161
157	970.515489578247	244.3075645715
158	965.519487857819	242.590176640078
159	960.52348613739	240.935230976902
160	955.527484416962	239.311513723806
161	950.531423091888	237.719024880789
162	945.457398891449	236.220206716098
163	940.461397171021	234.721388551407
164	935.465395450592	233.2225558348
165	930.547416210175	231.817422900349
166	925.47333240509	230.443503824063
167	920.477330684662	229.007142479531
168	915.481328964233	227.66443726141
169	910.563409328461	226.321746595204
170	905.489325523376	224.979055928998
171	900.493323802948	223.667593672872
172	895.49732208252	222.41857368499
173	890.501320362091	221.075883018784
174	885.505318641663	219.858091440983
175	880.431234836578	218.609086005017
176	875.513255596161	217.360066017136
177	870.517253875732	216.142274439335
178	865.443229675293	214.893254451454
179	860.525250434875	213.675462873653
180	855.607330799103	212.520128116012
181	850.455164909363	211.302336538211
182	845.459163188934	210.084544960409
183	840.541243553162	208.929210202768
184	835.467159748077	207.742647035047
185	830.471158027649	206.556083867326
186	825.47515630722	205.43196296785
187	820.479154586792	204.214171390049
188	815.483152866364	203.058836632408
189	810.565173625946	201.872273464687
190	805.491089820862	200.685710296966
191	800.495088100433	199.56158939749
192	795.499086380005	198.406254639849
193	790.503084659576	197.219691472128
194	785.507082939148	196.001899894327
195	780.511081218719	194.846565136686
196	775.593161582947	193.65998741705
197	770.519077777863	192.473424249329
198	765.523076057434	191.286861081608
199	760.527074337006	190.069069503807
200	755.531013011932	188.851277926005
201	750.535011291504	187.633486348204
202	745.539009571075	186.384480912238
203	740.464985370636	185.166689334437
204	735.468924045563	183.917669346556
205	730.472922325134	182.63743550051
206	725.476920604706	181.388415512629
207	720.480918884277	180.108167114668
208	715.562999248505	178.796704858541
209	710.48891544342	177.485242602415
210	705.492913722992	176.142551936209
211	700.574934482574	174.799861270003
212	695.500910282135	173.394713783637
213	690.426826477051	172.02079470735
214	685.508847236633	170.615661772899
215	680.512845516205	169.148057466373
216	675.438821315765	167.742924531922
217	670.520842075348	166.24410636723
218	665.524840354919	164.776502060704
219	660.450756549835	163.215241627768
220	655.454754829407	161.685195052996
221	650.536835193634	160.123920068145
222	645.540833473206	158.500202815048
223	640.544831752777	156.876485561952
224	635.470747947693	155.221539898776
225	630.474746227264	153.535365825519
226	625.40066242218	151.817963342182
227	620.482742786407	150.100575410761
228	615.408658981323	148.351959069259
229	610.490679740906	146.572099765763
230	605.494678020477	144.729812745936
231	600.498676300049	142.887511174195
232	595.50267457962	140.982767334208
233	590.506672859192	139.078008942306
234	585.510671138763	137.142036692239
235	580.436587333679	135.174836032093
236	575.440585613251	133.176406961866
237	570.522665977478	131.115535623394
238	565.52666425705	129.054664284922
239	560.452580451965	126.96256453637
240	555.456578731537	124.870464787818
241	550.460577011108	122.715908219106
242	545.542597770691	120.530130516272
243	540.390491485596	118.344352813438
244	535.472512245178	116.127346700523
245	530.47651052475	113.847898319364
246	525.480508804321	111.599671072327
247	520.484507083893	109.288987005129
248	515.56658744812	106.97831021389
249	510.492503643036	104.698854556773
250	505.418419837952	102.356949355453
251	500.422418117523	100.015051430091
252	495.504468679428	97.610689408612
253	490.430414676666	95.237563073169
254	485.434383153915	92.864436737727
255	480.516463518143	90.491303126328
256	475.520431995392	88.118176790886
257	470.524430274963	85.682593635283
258	465.450376272202	83.309467299841
259	460.532426834106	80.936333688442
260	455.458343029022	78.53197894292
261	450.38428902626	76.158852607478
262	445.466339588165	73.754497861955
263	440.470337867737	71.443813794758
264	435.396254062653	69.070687459316
265	430.478304624558	66.728782257997
266	425.404250621796	64.418105466757
267	420.486301183701	62.10742139956
268	415.490299463272	59.827969380422
269	410.416215658188	57.610966905486
270	405.420213937759	55.331514886348
271	400.424212217331	53.114512411412
272	395.506262779236	50.928734708577
273	390.432208776474	48.742957005743
274	385.436177253723	46.58840407501
275	380.440175533295	44.465079554357
276	375.444173812866	42.310526623623
277	370.448172092438	40.280876419274
278	365.530222654343	38.157548260642
279	360.456138849258	36.096673284192
280	355.46013712883	34.067023079842
281	350.464135408401	32.006148103392
282	345.468133687973	30.007722671144
283	340.472131967545	27.946847694693
284	335.476100444794	25.917197490344
285	330.558180809021	23.856320694904
286	325.406044721603	21.764219127363
287	320.488095283508	19.703344150912
288	315.49209356308	17.611242583371
289	310.496091842651	15.425464880536
290	305.500060319901	13.208463315095
291	300.426006317139	10.929009476968
292	295.43000459671	8.587105185143
293	290.433973073959	6.151524758025
294	285.516053438187	3.622268195613
295	280.441969633102	0.968110043686
296	275.445967912674	-1.748498789311
297	270.449966192245	-4.714911028714
298	265.453934669495	-7.774999176036
299	260.457932949066	-10.991214367095
300	255.383878946304	-14.457232282439
301	250.465929508209	-18.110602468369
302	245.46991288662	-21.95132583438
303	240.395843982697	-26.104302378371
304	235.477909445763	-30.413408239838
305	230.40384054184	-35.065990232397
306	225.485891103745	-39.968377677724
307	220.411822199821	-45.151791709941
308	215.415820479393	-50.647460739128
309	210.341736674309	-56.486609537387
310	205.423802137375	-62.606784922537
311	200.50585269928	-69.039211666677
312	195.509850978851	-75.783900683746
313	190.435782074928	-82.872065831907
314	185.361713171005	-90.210029156879
315	180.365696549416	-97.891475888901
316	175.447762012482	-105.885177617893
317	170.451745390892	-114.159905933775
318	165.455743670464	-122.746889246628
319	160.381674766541	-131.55244232621
320	155.463725328445	-140.639036544599
321	150.54577589035	-149.944200529717
322	145.471706986427	-159.561619511805
323	140.475705265999	-169.366394402459
324	135.47970354557	-179.327296791598
325	130.483686923981	-189.506768947467
326	125.409618020058	-199.873597011901
327	120.491676032543	-210.365324164741
328	115.41760712862	-220.9819649579
329	110.499657690525	-231.723504839465
330	105.425588786602	-242.6211576676
331	100.507646799088	-253.612524829805
332	95.35551071167	-264.635076746345
333	90.437568724155	-275.782542303205
334	85.441559553146	-286.961236270145
335	80.445550382137	-298.139930237085
336	75.527608394623	-309.412280330434
337	70.4535394907	-320.622202707455
338	65.457530319691	-331.894552800804
339	60.461517423391	-343.042018357664
340	55.387452244759	-354.283169144765
341	50.469506531954	-365.399406291544
342	45.473497360945	-376.453186618164
343	40.477491915226	-387.413310818374
344	35.481482744217	-398.248521378264
345	30.485477298498	-409.052503528073
346	25.41140653193	-419.700372731313
347	20.49346268177	-430.223328294232
348	15.419392846525	-440.558913396671
349	10.501448996365	-450.707186246291
350	5.427379161119	-460.699287941679
351	0.431371387094	-470.504077384248
352	-4.56463592127	-480.059039546177
353	-9.560643695295	-489.426660351455
354	-14.634712599218	-498.482026159763
355	-19.552659243345	-507.287564687431
356	-24.626728147268	-515.812134835869
357	-29.622735455632	-524.024362675846
358	-34.540679305792	-531.955622136593
359	-39.614751935005	-539.5746557042
360	-44.688820838928	-546.818948350847
361	-49.528703093529	-553.750956896693
362	-54.524708539248	-560.308282729238
363	-59.598781168461	-566.459668334574
364	-64.594782888889	-572.205171920359
365	-69.512724876404	-577.638391405344
366	-74.586801230907	-582.634471356869
367	-79.660870134831	-587.162154261023
368	-84.578812122345	-591.283896937966
369	-89.574821293354	-594.999699387699
370	-94.570830464363	-598.278362303972
371	-99.566832184792	-601.151084993035
372	-104.484781622887	-603.555468842387
373	-109.636910259724	-605.428998824209
374	-114.632919430733	-606.92778788507
375	-119.628928601742	-607.989437412471
376	-124.546870589256	-608.582748100162
377	-129.620939493179	-608.770118560642
378	-134.538888931274	-608.520291280001
379	-139.534890651703	-607.833324465901
380	-144.68702673912	-606.74047563225
381	-149.604976177216	-605.304085183889
382	-154.600977897644	-603.399355895817
383	-159.518927335739	-601.182342506945
384	-164.592996239662	-598.559388890862
385	-169.588997960091	-595.65540868789
386	-174.506947398186	-592.439202591777
387	-179.659083485603	-588.910770602524
388	-184.655085206032	-585.101253818721
389	-189.573034644127	-581.041967961937
390	-194.64710354805	-576.795311644673
391	-199.565038084984	-572.298828046769
392	-204.639106988907	-567.615032196045
393	-209.557056427002	-562.806322705001
394	-214.55305814743	-557.747785933316
395	-219.54907476902	-552.689307369292
396	-224.623143672943	-547.443458344787
397	-229.619145393372	-542.166351806372
398	-234.615162014961	-536.795589141548
399	-239.689230918884	-531.424826476723
400	-244.685232639313	-525.960349477828
401	-249.603182077408	-520.495930686593
402	-254.67723608017	-515.062711201608
403	-259.673267602921	-509.598234202713
404	-264.669269323349	-504.165014717728
405	-269.665271043777	-498.763052746654
406	-274.505138397217	-493.423489388078
407	-279.579222202301	-488.115183543414
408	-284.653306007385	-482.838106108829
409	-289.649307727814	-477.685913210735
410	-294.645309448242	-472.56494872272
411	-299.563258886337	-467.537669464946
412	-304.559260606766	-462.541589513421
413	-309.711396694183	-457.670423202217
414	-314.629346132278	-452.861713711172
415	-319.625347852707	-448.146689450368
416	-324.621349573135	-443.494122009724
417	-329.53929901123	-438.93521069549
418	-334.613353013992	-434.501183917746
419	-339.609384536743	-430.129643063992
420	-344.683438539505	-425.820529926568
421	-349.679440259933	-421.667558839545
422	-354.675471782684	-417.514587752521
423	-359.593391418457	-413.548958022147
424	-364.589422941208	-409.583328291774
425	-369.66347694397	-405.74261220172
426	-374.659478664398	-401.995552238077
427	-379.577428102493	-398.279749788344
428	-384.651511907578	-394.751288695261
429	-389.647513628006	-391.254026908427
430	-394.565463066101	-387.819251045585
431	-399.639517068863	-384.509359719232
432	-404.635518789291	-381.230667699128
433	-409.631550312042	-378.076918423176
434	-414.627552032471	-374.985596863553
435	-419.623553752899	-371.95673212409
436	-424.619555473328	-369.052781024948
437	-429.615557193756	-366.180029232055
438	-434.611588716507	-363.400991773233
439	-439.607590436935	-360.71561044082
440	-444.681644439697	-358.092656824738
441	-449.599593877792	-355.594645952806
442	-454.595595598221	-353.065377566963
443	-459.669679403305	-350.723479641601
444	-464.665681123734	-348.381581716239
445	-469.583630561829	-346.164568327367
446	-474.65768456459	-343.978783348575
447	-479.653716087341	-341.886683600023
448	-484.64971780777	-339.888269081712
449	-489.567667245865	-337.95228227973
450	-494.563668966293	-336.078781401739
451	-499.559670686722	-334.298907546327
452	-495.42236328125	-324.681488564238
453	-490.426331758499	-319.654209306464
454	-485.508412122726	-315.4075529892
455	-480.434328317642	-311.535608489066
456	-475.516378879547	-307.913462165743
457	-470.520377159119	-304.50988560915
458	-465.52437543869	-301.262451102957
459	-460.450291633606	-298.171129543334
460	-455.532342195511	-295.173493213952
461	-450.536340475082	-292.300770524889
462	-445.540338754654	-289.552932372317
463	-440.466284751892	-286.805094219744
464	-435.470253229141	-284.213398117572
465	-430.474251508713	-281.68412973173
466	-425.400197505951	-279.186118859798
467	-420.482248067856	-276.750535704196
468	-415.486246347427	-274.408608675003
469	-410.412162542343	-272.035482339561
470	-405.416160821915	-269.756041234359
471	-400.49821138382	-267.570256255567
472	-395.502209663391	-265.322043560445
473	-390.428125858307	-263.198715401813
474	-385.510176420212	-261.044158833101
475	-380.43612241745	-258.95205908455
476	-375.440120697021	-256.922416156158
477	-370.444118976593	-254.892744123936
478	-365.448087453842	-252.831872785464
479	-360.452085733414	-250.864686677232
480	-355.456084012985	-248.92869987525
481	-350.460082292557	-246.961513767019
482	-345.464080572128	-245.056755375117
483	-340.389996767044	-243.120768573135
484	-335.393995046616	-241.216010181233
485	-330.476045608521	-239.342494751327
486	-325.401991605759	-237.500193179585
487	-320.484042167664	-235.626677749678
488	-315.409958362579	-233.784376177937
489	-310.413956642151	-231.910846196115
490	-305.417954921722	-230.068559176289
491	-300.500005483627	-228.257486014627
492	-295.504003763199	-226.383956032805
493	-290.50800204277	-224.572882871144
494	-285.433918237686	-222.699367441237
495	-280.359834432602	-220.888294279575
496	-275.519967079163	-219.077221117914
497	-270.445883274078	-217.266147956252
498	-265.44988155365	-215.36138956435
499	-260.375827550888	-213.519102544524
500	-255.457878112793	-211.676800972782
501	-250.383824110031	-209.83449940104
502	-245.38779258728	-207.960969419219
503	-240.391790866852	-206.118682399392
504	-235.395789146423	-204.21392400749
505	-230.477839708328	-202.371636987664
506	-225.4818379879	-200.498107005842
507	-220.48582136631	-198.562134755775
508	-215.411752462387	-196.626162505709
509	-210.493803024292	-194.721404113807
510	-205.419734120369	-192.81666027382
511	-200.42373239994	-190.880688023753
512	-195.427730679512	-188.882258953527
513	-190.431714057922	-186.883844435215
514	-185.435712337494	-184.854186954908
515	-180.361643433571	-182.855757884681
516	-175.443693995476	-180.82611495629
517	-170.447692275047	-178.765229065903
518	-165.451675653458	-176.673129317351
519	-160.455673933029	-174.612257978879
520	-155.381605029106	-172.488929820247
521	-150.463655591011	-170.365601661615
522	-145.467653870583	-168.211059644818
523	-140.39358496666	-166.056503076106
524	-135.475635528564	-163.870718097314
525	-130.401566624641	-161.622490850277
526	-125.405564904213	-159.40549201332
527	-120.409555733204	-157.157264766283
528	-115.413546562195	-154.877809109166
529	-110.4955971241	-152.567139593884
530	-105.421528220177	-150.287683936767
531	-100.425526499748	-147.914557601325
532	-95.351450145245	-145.541416713968
533	-90.355448424816	-143.168290378526
534	-85.437498986721	-140.795164043084
535	-80.441497266293	-138.390809297562
536	-75.523547828198	-135.955226141959
537	-70.371419191361	-133.488414576277
538	-65.453469753265	-131.02161756251
539	-60.379404574633	-128.554805996828
540	-55.461462587118	-126.056780572981
541	-50.387389957905	-123.527526739053
542	-45.547507703304	-121.029486763291
543	-40.395375341177	-118.500232929364
544	-35.399369895458	-115.970979095437
545	-30.403362587094	-113.410496851429
546	-25.48541687429	-110.850014607422
547	-20.489409565926	-108.289532363415
548	-15.493401326239	-105.729050119407
549	-10.419332422316	-103.13733946532
550	-5.423325113952	-100.54563608719
551	-0.427317572758	-97.953925433103
552	4.568689502776	-95.393443189096
553	9.564697742462	-92.801739810966
554	14.560704119504	-90.210029156879
555	19.556710496545	-87.618318502791
556	24.630781263113	-85.026615124662
557	29.626786708832	-82.403683336452
558	34.544732421637	-79.843201092444
559	39.61880132556	-77.282718848437
560	44.614810496569	-74.72223660443
561	49.610815942287	-72.161754360423
562	54.528761655092	-69.570043706335
563	59.602830559015	-66.978340328205
564	64.598843455315	-64.449079218321
565	69.594852626324	-61.888596974313
566	74.590854346752	-59.328118368285
567	79.586863517761	-56.798860896379
568	84.58287268877	-54.20715388027
569	89.578881859779	-51.677896408364
570	94.574883580208	-49.148642574437
571	99.570892751217	-46.556935558328
572	104.566901922226	-43.965224904241
573	109.640970826149	-41.404746298213
574	114.558912813663	-38.813035644125
575	119.711048901081	-36.190103855915
576	124.550923705101	-33.567172067706
577	129.625007510185	-30.881787097314
578	134.621009230614	-28.227630537003
579	139.617010951042	-25.47979602241
580	144.691079854965	-22.763186279917
581	149.60902929306	-20.015351765323
582	154.605031013489	-17.142616343335
583	159.601047635078	-14.269880011852
584	164.597049355507	-11.334693226672
585	169.593065977097	-8.368281669391
586	174.51100051403	-5.308193522069
587	179.585069417953	-2.185654238929
588	184.581086039543	0.999335497909
589	189.655154943466	4.278001597413
590	194.651156663895	7.587892923766
591	199.647158384323	11.022685612261
592	204.643175005913	14.551154890796
593	209.561124444008	18.17329939513
594	214.635193347931	21.920346625848
595	219.553127884865	25.761069991859
596	224.549144506454	29.664242902072
597	229.623213410378	33.785996492952
598	234.619215130806	37.938971217955
599	239.537164568901	42.341751395725
600	244.689300656319	46.806984755676
601	249.607235193253	51.490791520337
602	254.525184631348	56.299501011381
603	259.521186351776	61.295562773012
604	264.517188072205	66.510205215309
605	269.669324159622	71.880967880134
606	274.587273597717	77.470314863604
607	279.661357402802	83.247010479681
608	284.579277038574	89.273511548527
609	289.653360843658	95.487368525937
610	294.571310281754	101.951023680158
611	299.645364284515	108.726933831349
612	304.56331372261	115.658971481025
613	309.559315443039	122.903264127672
614	314.633399248123	130.397354951128
615	319.629400968552	138.07880168315
616	324.62540268898	146.072503412142
617	329.543352127075	154.316003317945
618	334.539353847504	162.809301400557
619	339.535355567932	171.614869032055
620	344.68749165535	180.639006430283
621	349.605441093445	189.912942005321
622	354.601442813873	199.499147129245
623	359.675526618958	209.241465199739
624	364.515393972397	219.264809857123
625	369.667530059814	229.444296564907
626	374.663561582565	239.873566897586
627	379.581481218338	250.521406996995
628	384.577512741089	261.387845966965
629	389.651566743851	272.441626293585
630	394.647568464279	283.589091850445
631	399.643570184708	294.892699457705
632	404.561519622803	306.414876831695
633	409.557521343231	317.999481922016
634	414.631605148315	329.709000652656
635	419.627606868744	341.480976203457
636	424.623608589172	353.346636984497
637	429.619640111923	365.181040251628
638	434.615641832352	377.109157852829
639	439.61164355278	388.943561119959
640	444.529592990875	400.809221901
641	449.603646993637	412.67485357821
642	454.677730798721	424.41560071893
643	459.595680236816	436.031463323161
644	464.591681957245	447.584840003401
645	469.665735960007	458.919676020741
646	474.661767482758	470.129598397762
647	479.57968711853	481.089693494141
648	484.575718641281	491.862476337701
649	489.57172036171	502.35417438671
650	494.645774364471	512.564904056489
651	499.6417760849	522.463349625468
652	504.559755325317	532.080768607557
653	509.555757045746	541.261048056185
654	514.62984085083	550.160242710263
655	519.547760486603	558.55989921838
656	524.621844291687	566.553615499288
657	529.617846012115	574.110134039074
658	534.535765647888	581.16705622524
659	539.609849452972	587.724382057786
660	544.605851173401	593.782111536711
661	549.601852893829	599.309045355767
662	554.597854614258	604.305067099631
663	559.593856334686	608.707894571126
664	564.667940139771	612.517353147268
665	569.663941860199	615.796016063541
666	574.659943580627	618.481426499784
667	579.655945301056	620.573526248336
668	584.652006626129	622.041116002947
669	589.648008346558	622.946652583778
670	594.644010066986	623.290135990828
671	599.640011787415	623.040308710188
672	604.636013507843	622.259685769677
673	609.632015228271	620.917009655386
674	614.6280169487	619.074678979814
675	619.624018669128	616.701552644372
676	624.698102474213	613.89128677547
677	629.694104194641	610.612623859197
678	634.69010591507	606.928020715714
679	639.686107635498	602.83747734502
680	644.604086875916	598.434708081186
681	649.678111076355	593.657256104052
682	654.674172401428	588.598719332367
683	659.748196601868	583.290413487703
684	664.744198322296	577.825936488807
685	669.740200042725	572.080491110682
686	674.736261367798	566.210132092237
687	679.732263088226	560.214859433472
688	684.728264808655	554.125872440636
689	689.724266529083	547.974486835301
690	694.642186164856	541.760644409806
691	699.71626996994	535.54680198431
692	704.712271690369	529.301702044904
693	709.708273410797	523.087859619409
694	714.626252651215	516.936415806413
695	719.622254371643	510.722573380917
696	724.696338176727	504.696101415902
697	729.692339897156	498.700828757137
698	734.688341617584	492.799212224782
699	739.684343338013	486.897624796256
700	744.758427143097	481.183378724381
701	749.67634677887	475.500361062586
702	754.672348499298	469.910999527201
703	759.746432304382	464.477780042216
704	764.742434024811	459.200702607632
705	769.738435745239	453.923596069217
706	774.656355381012	448.802631581202
707	779.730439186096	443.775352323428
708	784.726440906525	438.872957602143
709	789.722442626953	434.064248111099
710	794.718444347382	429.380452260375
711	799.714505672455	424.759084125981
712	804.632425308228	420.262629631907
713	809.706509113312	415.891088778153
714	814.70251083374	411.581975640729
715	819.620430469513	407.366547733545
716	824.694514274597	403.307261876762
717	829.768598079681	399.310403736308
718	834.686517715454	395.407230826095
719	839.682519435883	391.597714042291
720	844.678521156311	387.881911592558
721	849.674582481384	384.259765269235
722	854.670584201813	380.668847355992
723	859.666585922241	377.140386262909
724	864.66258764267	373.768038116395
725	869.736671447754	370.426918379962
726	874.654591083527	367.17948387377
727	879.728674888611	363.994477083907
728	884.724676609039	360.871956218034
729	889.642596244812	357.811863068491
730	894.716680049896	354.845455149189
731	899.712681770325	351.941474946216
732	904.708683490753	349.131209077314
733	909.704685211182	346.320914104581
734	914.70068693161	343.573075952008
735	919.696748256683	340.918923029676
736	924.692749977112	338.295998517424
737	929.766774177551	335.735501721501
738	934.76277589798	333.206262439489
739	939.680755138397	330.770679283887
740	944.676756858826	328.397523844615
741	949.672758579254	325.993169099092
742	954.746842384338	323.713727993891
743	959.742844104767	321.434286888689
744	964.816927909851	319.248501909897
745	969.734847545624	317.062716931105
746	974.730849266052	314.908160362393
747	979.726850986481	312.878517434001
748	984.722852706909	310.817646095529
749	989.718854427338	308.788003167138
750	994.714915752411	306.820787955076
751	999.710917472839	304.884830256924
752	995.417475700378	299.076898954809
753	990.343391895294	295.891892164946
754	985.425412654877	293.081626296043
755	980.429410934448	290.458701783791
756	975.355386734009	288.023118628189
757	970.35938501358	285.618763882667
758	965.285301208496	283.308065263554
759	960.367321968079	281.091080978513
760	955.37132024765	278.967752819881
761	950.453400611877	276.875653071329
762	945.301234722137	274.845981039107
763	940.383315086365	272.785109700635
764	935.387313365936	270.880380412564
765	930.391311645508	268.913165200502
766	925.395309925079	267.03963521868
767	920.321226119995	265.228562057018
768	915.325224399567	263.355061179027
769	910.329222679138	261.575216427445
770	905.33322095871	259.826570982113
771	900.337219238281	258.140411460772
772	895.263135433197	256.360566709191
773	890.34515619278	254.674378084019
774	885.349154472351	253.019446972758
775	880.353152751923	251.333287451416
776	875.357151031494	249.678327236325
777	870.361149311066	248.085823841393
778	865.287065505981	246.493349550292
779	860.44716835022	244.86961774528
780	855.37314414978	243.277143454179
781	850.299060344696	241.715868469328
782	845.459163188934	240.154593484476
783	840.307056903839	238.62456146162
784	835.311055183411	237.063286476769
785	830.393075942993	235.533239901997
786	825.397074222565	234.003193327226
787	820.32299041748	232.504375162534
788	815.326988697052	230.943114729598
789	810.330986976624	229.444296564907
790	805.334985256195	227.945478400216
791	800.417065620422	226.446660235524
792	795.421063899994	224.916613660753
793	790.34698009491	223.417795496061
794	785.350978374481	221.950191189535
795	780.354976654053	220.451373024844
796	775.358974933624	218.921341001987
797	770.440995693207	217.422508285381
798	765.366911888123	215.92369012069
799	760.370910167694	214.393658097833
800	755.374908447266	212.863611523062
801	750.378906726837	211.302336538211
802	745.382905006409	209.772289963439
803	740.308821201324	208.242257940583
804	735.390901565552	206.680982955731
805	730.316817760468	205.11970797088
806	725.320816040039	203.527219127864
807	720.402836799622	201.934715732932
808	715.328812599182	200.310998479836
809	710.332810878754	198.718509636819
810	705.414831638336	197.126006241888
811	700.340747833252	195.471060578711
812	695.344746112823	193.78490105737
813	690.270721912384	192.098726984113
814	685.274660587311	190.381324500777
815	680.356740951538	188.69515042752
816	675.36073923111	186.884077265859
817	670.286655426025	185.166689334437
818	665.290653705597	183.386844582856
819	660.294651985168	181.544543011114
820	655.29865026474	179.733469849452
821	650.380671024323	177.859939867631
822	645.306646823883	175.955196027644
823	640.310645103455	174.050452187657
824	635.392665863037	172.145693795756
825	630.318582057953	170.147279277444
826	625.244557857513	168.180078617297
827	620.326578617096	166.15042113699
828	615.330576896667	164.120778208598
829	610.334575176239	161.966221639886
830	605.260491371155	159.874121891335
831	600.342571735382	157.719565322623
832	595.346570014954	155.565023305826
833	590.350568294525	153.410466737114
834	585.276484489441	151.162239490077
835	580.280482769012	148.91401224304
836	575.362503528595	146.603328175843
837	570.366501808167	144.292658660561
838	565.214395523071	141.950746183284
839	560.37449836731	139.577619847842
840	555.378496646881	137.173265102319
841	550.304412841797	134.768910356797
842	545.308411121368	132.302098791115
843	540.31240940094	129.804073367268
844	535.316407680511	127.337261801586
845	530.320405960083	124.839236377738
846	525.324404239655	122.278754133731
847	520.328402519226	119.718271889724
848	515.332400798798	117.157789645717
849	510.336399078369	114.566078991629
850	505.340337753296	111.911918793339
851	500.344336032867	109.351436549332
852	495.348334312439	106.728504761122
853	490.352332592011	104.105572972912
854	485.356330871582	101.451412774622
855	480.204194784164	98.79725985229
856	475.286245346069	96.17432806408
857	470.368325710297	93.551388999913
858	465.294241905212	90.897236077581
859	460.298240184784	88.305525423493
860	455.302238464355	85.651365225203
861	450.306206941605	83.059661847074
862	445.310205221176	80.467951192986
863	440.314203500748	77.907468948979
864	435.318201780319	75.315765570849
865	430.322200059891	72.755283326842
866	425.32616853714	70.194801082835
867	420.408248901367	67.69676838303
868	415.25611281395	65.229964093305
869	410.416215658188	62.763159803581
870	405.26407957077	60.296351875877
871	400.346159934998	57.891997130355
872	395.350128412247	55.518867156934
873	390.276074409485	53.176961955614
874	385.35812497139	50.866285164375
875	380.284041166306	48.524379963055
876	375.209987163544	46.276152716018
877	370.292037725449	44.027921831003
878	365.29603600502	41.810919356067
879	360.378086566925	39.56269210903
880	355.304032564163	37.345689634094
881	350.151896476746	35.191136703361
882	345.311999320984	32.974134228425
883	340.315997600555	30.819584935671
884	335.319995880127	28.665032004938
885	330.245912075043	26.448027711012
886	325.406044721603	24.293476599269
887	320.253908634186	22.076474124333
888	315.335959196091	19.859471649397
889	310.261875391006	17.548793039168
890	305.343955755234	15.269339201041
891	300.347924232483	12.864983546024
892	295.273870229721	10.429403118906
893	290.355920791626	7.868921784393
894	285.281866788864	5.245988631941
895	280.20778298378	2.52937957157
896	275.211781263351	-0.374581759388
897	270.293831825256	-3.340993771417
898	265.375882387161	-6.494758054032
899	260.301828384399	-9.867100743577
900	255.305796861649	-13.33311865892
901	250.30979514122	-17.080164980143
902	245.235726237297	-21.014564481448
903	240.239724516869	-25.19876761653
904	235.321775078773	-29.632772566401
905	230.325773358345	-34.347805922153
906	225.251704454422	-39.312642911682
907	220.255702733994	-44.620959670283
908	215.259686112404	-50.179078243673
909	210.341736674309	-56.049451814033
910	205.267667770386	-62.200851971284
911	200.271666049957	-68.695735535584
912	195.275664329529	-75.471645686775
913	190.279647707939	-82.622260379139
914	185.361713171005	-90.053901658393
915	180.287644267082	-97.704119980335
916	175.369694828987	-105.76027125353
917	170.295625925064	-114.034999569412
918	165.299609303474	-122.621990158223
919	160.303607583046	-131.427543237805
920	155.385658144951	-140.514137456194
921	150.311589241028	-149.850529851392
922	145.315587520599	-159.40549201332
923	140.319585800171	-169.179038493894
924	135.245501995087	-179.139940883033
925	130.327567458153	-189.256970770657
926	125.331550836563	-199.561342014931
927	120.335549116135	-210.021855309606
928	115.261480212212	-220.513582462445
929	110.187411308289	-231.25512234401
930	105.269461870193	-242.059104493819
931	100.273460149765	-252.894329605624
932	95.35551071167	-263.885653112084
933	90.281441807747	-274.877005722374
934	85.285432636738	-285.930786048993
935	80.289430916309	-296.984566375613
936	75.2934217453	-308.069604216143
937	70.375479757786	-319.185841362923
938	65.223343670368	-330.239621689543
939	60.305397957563	-341.293402016163
940	55.309388786554	-352.315983036533
941	50.39144307375	-363.213621312752
942	45.395437628031	-374.080060282722
943	40.321364998817	-384.884042432532
944	35.325359553099	-395.594368455932
945	30.32935038209	-406.086095608771
946	25.333344936371	-416.54659435153
947	20.337337628007	-426.788523327559
948	15.263267792761	-436.936767073348
949	10.189197957516	-446.866441052407
950	5.271253176034	-456.577545264736
951	0.2752461005	-466.132507426664
952	-4.720761440694	-475.468899821863
953	-9.79483127594	-484.555494040251
954	-14.712776057422	-493.361032567918
955	-19.708784297109	-501.885602716357
956	-24.704791605473	-510.160345584154
957	-29.778860509396	-518.122804351151
958	-34.774869680405	-525.741779711097
959	-39.692811667919	-533.048529177904
960	-44.766884297133	-540.04299454391
961	-49.762889742851	-546.694034710526
962	-54.680835455656	-552.939076442271
963	-59.676840901375	-558.871950488538
964	-64.672850072384	-564.367568586022
965	-69.746918976307	-569.488562177867
966	-74.742920696735	-574.203615542501
967	-79.738929867744	-578.481471166015
968	-84.734939038754	-582.322187256068
969	-89.652881026268	-585.756963118911
970	-94.805017113686	-588.754599448293
971	-99.7229591012	-591.315096244216
972	-104.797028005123	-593.500910326838
973	-109.714977443218	-595.18706984818
974	-114.632919430733	-596.436089836061
975	-119.706988334656	-597.216712776572
976	-124.702997505665	-597.591395489872
977	-129.777058959007	-597.591395489872
978	-134.773075580597	-597.123056650162
979	-139.769077301025	-596.248719375581
980	-144.765093922615	-594.999699387699
981	-149.761095643044	-593.407195992768
982	-154.757097363472	-591.346353758127
983	-159.831166267395	-588.973227422684
984	-164.74911570549	-586.256617680192
985	-169.667065143585	-583.258981350809
986	-174.741134047508	-579.949060920626
987	-179.737135767937	-576.358172111213
988	-184.733152389526	-572.486198507249
989	-189.729154109955	-568.395655136555
990	-194.803223013878	-564.055342692882
991	-199.799224734306	-559.558859094977
992	-204.795241355896	-554.906320758164
993	-209.71317589283	-550.066353753209
994	-214.70919251442	-545.101531315595
995	-219.783261418343	-540.01179523766
996	-224.779263138771	-534.890801645815
997	-229.853332042694	-529.644952621311
998	-234.771281480789	-524.367846082896
999	-239.767283201218	-519.028340931982
1000	-244.841352105141	-513.657578267157
1001	-249.759301543236	-508.286815602332
1002	-254.67723608017	-502.978451550007
1003	-259.829372167587	-497.607688885182
1004	-264.747321605682	-492.330640554428
1005	-269.743323326111	-487.053534016013
1006	-274.739354848862	-481.838884297758
1007	-279.813408851624	-476.655462989584
1008	-284.809410572052	-471.503299195319
1009	-289.727360010147	-466.475990833715
1010	-294.801443815231	-461.47993998602
1011	-299.79744553566	-456.608773674816
1012	-304.715394973755	-451.737607363611
1013	-309.789448976517	-446.991354692727
1014	-314.863532781601	-442.338758148253
1015	-319.781482219696	-437.748647527769
1016	-324.855536222458	-433.189736213535
1017	-329.773485660553	-428.818166255951
1018	-334.769487380981	-424.477853812277
1019	-339.76548910141	-420.262425905094
1020	-344.839572906494	-416.07822640799
1021	-349.835574626923	-412.018911447376
1022	-354.831576347351	-408.053281717002
1023	-359.749525785446	-404.087681090459
1024	-364.745527505875	-400.309392716736
1025	-369.741529226303	-396.624789573252
1026	-374.815613031387	-392.940215533599
1027	-379.811614751816	-389.380496926606
1028	-384.729564189911	-385.945721063763
1029	-389.803647994995	-382.54214450717
1030	-394.799649715424	-379.232253180817
1031	-399.795651435852	-375.984818674624
1032	-404.791653156281	-372.831040294841
1033	-409.787654876709	-369.770976249129
1034	-414.783656597137	-366.773339919746
1035	-419.779688119888	-363.838131306693
1036	-424.775689840317	-361.027865437791
1037	-429.849743843079	-358.280027285218
1038	-434.767693281174	-355.657073669136
1039	-439.841777086258	-353.002920746803
1040	-444.837778806686	-350.473681464791
1041	-449.755728244781	-348.038098309189
1042	-454.829782247543	-345.633743563667
1043	-459.825813770294	-343.385501764715
1044	-464.821815490723	-341.074832249433
1045	-469.817817211151	-338.982732500881
1046	-474.81381893158	-336.859404342249
1047	-479.809820652008	-334.860989823937
1048	-484.805822372437	-332.925003021955
1049	-489.801853895187	-331.082701450214
1050	-494.797855615616	-329.302856698632
1051	-499.793857336044	-327.523011947051
1052	-495.266228914261	-317.905592964962
1053	-490.348279476166	-313.096883473918
1054	-485.352277755737	-308.912683976814
1055	-480.356276035309	-305.165624013171
1056	-475.204139947891	-301.668391330168
1057	-470.286190509796	-298.296043183655
1058	-465.290188789368	-295.173493213952
1059	-460.372239351273	-292.082200758159
1060	-455.298155546188	-289.209448965266
1061	-450.224101543427	-286.399183096364
1062	-445.306152105331	-283.682573353872
1063	-440.310150384903	-281.028391327709
1064	-435.314148664474	-278.467923635617
1065	-430.24006485939	-276.032340480015
1066	-425.322115421295	-273.596757324412
1067	-420.326113700867	-271.25485939905
1068	-415.252059698105	-268.912961473688
1069	-410.33411026001	-266.664719674736
1070	-405.260026454926	-264.447735389695
1071	-400.264024734497	-262.324407231063
1072	-395.346075296402	-260.138622252271
1073	-390.350073575974	-258.046522503719
1074	-385.275989770889	-255.985651165247
1075	-380.358070135117	-253.955979133025
1076	-375.283986330032	-251.988793024793
1077	-370.287984609604	-249.959150096402
1078	-365.370035171509	-248.02316329442
1079	-360.295951366425	-246.118404902518
1080	-355.299949645996	-244.119975832291
1081	-350.382000207901	-242.308902670629
1082	-345.229893922806	-240.372930420563
1083	-340.233862400055	-238.530628848821
1084	-335.315942764282	-236.688341828994
1085	-330.319911241531	-234.846040257253
1086	-325.323909521103	-233.034967095591
1087	-320.327907800674	-231.22389393393
1088	-315.331906080246	-229.412820772268
1089	-310.335904359818	-227.632976020686
1090	-305.339872837067	-225.853131269105
1091	-300.265818834305	-224.073271965608
1092	-295.269817113876	-222.262198803946
1093	-290.273815393448	-220.451125642285
1094	-285.277783870697	-218.671280890703
1095	-280.281782150269	-216.953892959282
1096	-275.28578042984	-215.14281979762
1097	-270.289778709412	-213.331746635959
1098	-265.215694904327	-211.551901884377
1099	-260.219693183899	-209.740828722715
1100	-255.301743745804	-207.960969419219
1101	-250.305742025375	-206.181124667637
1102	-245.231673121452	-204.370051505975
1103	-240.313723683357	-202.558978344314
1104	-235.317721962929	-200.685462914407
1105	-230.243653059006	-198.905618162826
1106	-225.247636437416	-197.063316591084
1107	-220.329701900482	-195.189786609262
1108	-215.255632996559	-193.316271179356
1109	-210.259616374969	-191.442741197534
1110	-205.263614654541	-189.569225767627
1111	-200.267612934113	-187.664467375726
1112	-195.271596312523	-185.728495125659
1113	-190.353661775589	-183.823751285672
1114	-185.279577970505	-181.825322215445
1115	-180.205509066582	-179.920578375459
1116	-175.209507346153	-177.922149305232
1117	-170.291557908058	-175.89250637684
1118	-165.29555618763	-173.862848896533
1119	-160.299554467201	-171.833205968142
1120	-155.225485563278	-169.772320077755
1121	-150.307536125183	-167.711448739283
1122	-145.311519503593	-165.588120580651
1123	-140.315517783165	-163.464792422019
1124	-135.241448879242	-161.372692673467
1125	-130.323499441147	-159.18692224659
1126	-125.249445438385	-157.001137267798
1127	-120.253428816795	-154.815366840921
1128	-115.257419645786	-152.567139593884
1129	-110.261410474777	-150.318912346847
1130	-105.265408754349	-148.070670547895
1131	-100.26939958334	-145.791229442693
1132	-95.273390412331	-143.449316965416
1133	-90.199321508408	-141.138647450134
1134	-85.359439253807	-138.796734972857
1135	-80.20730316639	-136.423608637415
1136	-75.289361178875	-134.081696160138
1137	-70.215292274952	-131.677341414616
1138	-65.297350287437	-129.304215079173
1139	-60.301344841719	-126.806189655326
1140	-55.227272212505	-124.339378089644
1141	-50.309330224991	-121.935023344122
1142	-45.313321053982	-119.436997920275
1143	-40.239252150059	-116.970186354592
1144	-35.24324297905	-114.440932520665
1145	-30.32529912889	-111.974128230941
1146	-25.251230224967	-109.444867121056
1147	-20.255222916603	-106.946841697209
1148	-15.259213745594	-104.386359453201
1149	-10.26320643723	-101.888326753397
1150	-5.267199594527	-99.296616099309
1151	-0.271192286164	-96.798583399504
1152	4.724815487862	-94.238108431455
1153	9.720822796226	-91.677626187448
1154	14.716829173267	-89.148365077563
1155	19.790899008513	-86.587882833555
1156	24.786906316876	-84.027400589548
1157	29.78291362524	-81.529367889743
1158	34.778919070959	-78.968885645736
1159	39.774928241968	-76.439631811809
1160	44.692873954773	-73.879149567802
1161	49.8450063169	-71.349895733874
1162	54.684888571501	-68.82063462399
1163	59.68089401722	-66.291380790062
1164	64.754970371723	-63.762126956135
1165	69.829039275646	-61.201644712128
1166	74.746981263161	-58.672383602243
1167	79.74299043417	-56.205579312518
1168	84.738999605179	-53.676321840612
1169	89.735001325607	-51.084614824504
1170	94.731010496616	-48.555357352598
1171	99.727019667625	-46.02610351867
1172	104.801088571548	-43.465621274663
1173	109.719030559063	-40.905139030656
1174	114.715039730072	-38.344656786649
1175	119.711048901081	-35.75294977054
1176	124.785125255585	-33.09878957225
1177	129.703059792519	-30.444633011939
1178	134.777128696442	-27.82169940474
1179	139.773145318031	-25.105091481237
1180	144.76914703846	-22.357256966643
1181	149.765148758888	-19.546971088857
1182	154.761165380478	-16.736687030061
1183	159.679099917412	-13.863950698578
1184	164.753183722496	-10.928763913398
1185	169.749185442925	-7.931125765026
1186	174.745187163353	-4.9022632993
1187	179.741203784943	-1.810949697756
1188	184.737205505371	1.436490947526
1189	189.7332072258	4.746382273879
1190	194.729223847389	8.087498827081
1191	199.725225567818	11.553517651919
1192	204.721242189407	15.081986930454
1193	209.79531109333	18.704131434788
1194	214.713245630264	22.482403437607
1195	219.709262251854	26.354351575719
1196	224.783331155777	30.319977668114
1197	229.779332876205	34.441727621015
1198	234.775349497795	38.6883803003
1199	239.771351218224	43.028710933868
1200	244.767352938652	47.556393838022
1201	249.529182910919	52.052848332096