Point	Potential(V)	Current(milliAmp)
1	0.000041058287	-0.378252152586
2	0.004256439395	-0.364068080671
3	0.009174384177	-0.35555762588
4	0.014248454012	-0.349883979652
5	0.019244460389	-0.345155945979
6	0.024162406102	-0.340743135894
7	0.029236476868	-0.336645491188
8	0.034232482314	-0.332863070071
9	0.039228491485	-0.328765454469
10	0.044224496931	-0.324983033352
11	0.049220506102	-0.320885388646
12	0.054138448089	-0.316787773045
13	0.05913445726	-0.312374933856
14	0.06420852989	-0.308277318254
15	0.069204539061	-0.304179702653
16	0.074200548232	-0.299136474496
17	0.079196549952	-0.294408440823
18	0.08411449939	-0.289365183562
19	0.089188568294	-0.283691566437
20	0.094106510282	-0.278333114693
21	0.099180579185	-0.272344303085
22	0.104098528624	-0.266040238785
23	0.109172597528	-0.259736203589
24	0.114168606699	-0.252801750321
25	0.119242675602	-0.245552131673
26	0.12416061759	-0.23767206585
27	0.12915661931	-0.229792014579
28	0.134152635932	-0.220651156269
29	0.139148637652	-0.211825506995
30	0.144144654274	-0.202054245165
31	0.149140655994	-0.192282983335
32	0.154214724898	-0.181881317985
33	0.159132674336	-0.17053404008
34	0.164128676057	-0.159501971211
35	0.169124677777	-0.147524289787
36	0.174120694399	-0.134916204843
37	0.179194763303	-0.122308134451
38	0.184112712741	-0.109069653263
39	0.189108714461	-0.095515963039
40	0.194104716182	-0.081647078332
41	0.199178785086	-0.067915098043
42	0.204096734524	-0.053676321841
43	0.209170803428	-0.039250193367
44	0.214166805148	-0.02473038694
45	0.21916282177	-0.010116903468
46	0.222363382578	-0.000530708689
47	0.228842586279	0.01847331805
48	0.233916655183	0.032978448871
49	0.238912656903	0.047306224587
50	0.243830606341	0.061386963353
51	0.248904675245	0.07522701344
52	0.253822624683	0.088772518211
53	0.258818626404	0.101994992292
54	0.259286999702	0.102954611066
55	0.269200950861	0.127118692035
56	0.274118900299	0.139296593261
57	0.279192984104	0.151037340402
58	0.284188985825	0.162309705047
59	0.289106935263	0.173207357875
60	0.294102936983	0.18369909958
61	0.299176990986	0.193816114916
62	0.304172992706	0.203620889806
63	0.309169024229	0.212957282201
64	0.314165025949	0.2219814196
65	0.31916102767	0.230693302001
66	0.324235111475	0.239061715547
67	0.329153031111	0.247211515671
68	0.334149062634	0.255017861491
69	0.339145064354	0.262605637545
70	0.344141066074	0.270006072242
71	0.349137067795	0.277156679658
72	0.3542111516	0.284119945718
73	0.359129101038	0.290802156087
74	0.364047020674	0.297297054203
75	0.369121104479	0.303542125039
76	0.374195158482	0.309724768158
77	0.379191190004	0.315688812407
78	0.384187191725	0.321465515299
79	0.389183193445	0.327148532961
80	0.39425727725	0.332675408572
81	0.399175196886	0.33798374352
82	0.404171228409	0.343135936419
83	0.409167230129	0.348194444086
84	0.41416323185	0.353159266524
85	0.41915923357	0.357999204425
86	0.424233317375	0.36268302938
87	0.429151237011	0.36736682523
88	0.434147268534	0.372550246539
89	0.439221322536	0.377234042389
90	0.444139271975	0.380949873943
91	0.449135273695	0.384728133213
92	0.454131275415	0.388506421586
93	0.459205359221	0.39219102473
94	0.464123308659	0.39584437036
95	0.469197362661	0.399216718506
96	0.474115312099	0.402495381422
97	0.47911131382	0.405711616622
98	0.484185397625	0.408834137488
99	0.489181399345	0.411894230638
100	0.494177401066	0.414829410147
101	0.499173402786	0.41776461876
102	0.504247486591	0.420512427809
103	0.509243488312	0.423291494371
104	0.514083385468	0.425883219577
105	0.519157469273	0.427944090916
106	0.524153470993	0.429817591794
107	0.529149472713	0.432221946539
108	0.534145474434	0.434844900155
109	0.539141476154	0.437592738308
110	0.544215559959	0.44021566282
111	0.54921156168	0.442214077339
112	0.5542075634	0.442963500973
113	0.559203565121	0.444181292551
114	0.564199566841	0.445961137302
115	0.569195568562	0.447959551821
116	0.574191570282	0.449895538623
117	0.579109549522	0.451612926554
118	0.584183573723	0.453142973129
119	0.589179635048	0.454548106063
120	0.594097554684	0.455859582871
121	0.599249660969	0.456983689219
122	0.604167640209	0.458139023976
123	0.609085559845	0.459356815554
124	0.61415964365	0.460605835542
125	0.619233727455	0.461698742583
126	0.624073624611	0.462822848931
127	0.629225730896	0.463790842332
128	0.634143650532	0.464633922093
129	0.639139711857	0.465320859803
130	0.644135713577	0.467381760245
131	0.649209737778	0.469224061817
132	0.654205739498	0.469380174764
133	0.659045636654	0.469786114991
134	0.664197802544	0.470597966341
135	0.669193804264	0.471284933155
136	0.6741117239	0.471722072689
137	0.679185807705	0.472252897453
138	0.684181809425	0.473033549497
139	0.689177811146	0.473907857668
140	0.694173812866	0.474532367662
141	0.699247896671	0.475094420835
142	0.704165816307	0.475656474009
143	0.709161877632	0.476312212413
144	0.714157879353	0.47674938105
145	0.719231903553	0.477155292174
146	0.724227905273	0.478154513985
147	0.729145884514	0.479028822156
148	0.734141886234	0.479590875329
149	0.739215970039	0.480215385323
150	0.74421197176	0.480902352137
151	0.74920797348	0.480933580548
152	0.754203975201	0.480777438497
153	0.759199976921	0.481089693494
154	0.764195978642	0.481526862131
155	0.769113957882	0.481745431898
156	0.774187982082	0.481995230075
157	0.779183983803	0.482338713482
158	0.784180045128	0.482682196889
159	0.789176046848	0.483213021653
160	0.794172048569	0.483868760057
161	0.799246132374	0.484649382997
162	0.80416405201	0.484524498461
163	0.809238135815	0.483025680296
164	0.814234137535	0.482900766656
165	0.819230139256	0.484805525048
166	0.824148058891	0.485492462758
167	0.829222142696	0.485024094814
168	0.834140121937	0.484867981868
169	0.839214146137	0.485211436171
170	0.844210147858	0.485867174575
171	0.849206149578	0.486522912979
172	0.854202210903	0.486960081616
173	0.859276235104	0.487116194563
174	0.864194214344	0.487241108203
175	0.869190216064	0.48736599274
176	0.874186217785	0.487740704557
177	0.879104137421	0.488302786835
178	0.884178221226	0.488490157295
179	0.889252305031	0.488333986141
180	0.894170224667	0.488365243655
181	0.899166226387	0.488739926368
182	0.904162287712	0.489020952955
183	0.909158289433	0.488802383188
184	0.914232313633	0.488989695441
185	0.919150292873	0.489395635668
186	0.924146294594	0.489707919769
187	0.929142296314	0.489739119075
188	0.934138298035	0.489645462949
189	0.939134299755	0.489520549309
190	0.944130301476	0.489458092488
191	0.949204385281	0.489551748615
192	0.954200387001	0.489676662255
193	0.959274470806	0.489988946356
194	0.964114367962	0.490269972943
195	0.969188392162	0.490301172249
196	0.974184453487	0.490426085889
197	0.979180455208	0.490832026117
198	0.984176456928	0.491019396577
199	0.989172458649	0.49133162247
200	0.994246542454	0.491113052703
201	0.99916446209	0.490519742016
202	1.00423848629	0.490332429763
203	1.00915646553	0.490863225423
204	1.014230489731	0.492112245411
205	1.019226551056	0.492799212225
206	1.024222612381	0.493205152452
207	1.029140472412	0.493860861752
208	1.034136533737	0.49373600632
209	1.039210557938	0.492924125865
210	1.044206619263	0.492299615871
211	1.049124479294	0.49198733177
212	1.054120540619	0.491956132464
213	1.059194564819	0.491956132464
214	1.064190626144	0.492049788591
215	1.06918656826	0.492143502925
216	1.074182629585	0.492393271998
217	1.07917869091	0.492580642458
218	1.084174633026	0.492768012919
219	1.089248776436	0.492892868351
220	1.094088554382	0.492892868351
221	1.099162697792	0.492830469739
222	1.104158639908	0.492768012919
223	1.109154701233	0.492830469739
224	1.114228725433	0.492924125865
225	1.119224786758	0.493049039505
226	1.124220728874	0.493173894938
227	1.129216790199	0.493236351758
228	1.13413476944	0.493267609272
229	1.13920879364	0.493517378345
230	1.144126772881	0.493798404932
231	1.149278879166	0.494141888339
232	1.154196858406	0.494079431519
233	1.159192800522	0.493923318572
234	1.164188861847	0.494922569487
235	1.169106721878	0.495422165841
236	1.174180865288	0.494703941513
237	1.179176807404	0.494422914926
238	1.184250950813	0.494204345159
239	1.189168810844	0.496140331961
240	1.194164872169	0.498638371937
241	1.199160933495	0.497545464896
242	1.20415687561	0.496140331961
243	1.209152936935	0.495734391734
244	1.214226961136	0.496046675835
245	1.219144940376	0.496077875141
246	1.224140882492	0.495984219015
247	1.229136943817	0.496109132655
248	1.234132885933	0.496639928315
249	1.239128947258	0.497264438309
250	1.244202971458	0.498013861943